Sample	total_reads	Human counts	Human percentage	Ecoli counts	Ecoli percentage	PhiX counts	PhiX percentage	Contamnts_Adaptrs counts	Contamnts_Adaptrs percentage	Vectors counts	Vectors percentage	Bacteria_24k counts	Bacteria_24k percentage	Protists_1k counts	Protists_1k percentage	Viruses counts	Viruses percentage	Fungi_RefSeq_release counts	Fungi_RefSeq_release percentage	Coral counts	Coral percentage	Bird counts	Bird percentage	Plant counts	Plant percentage	No hits counts	No hits percentage
Sin-APnd_001-Ex1-6G-lcwgs-1-1.clmp.fp2_r1_screen	6332080	163487.0	2.58	74.0	0.0	0.0	0.0	166.0	0.0	23306.0	0.37	131927.0	2.09	252466.0	3.99	80803.0	1.27	168724.0	2.68	92117.0	1.45	124957.0	1.98	104073.0	1.65	6019908	95.07
Sin-APnd_001-Ex1-6G-lcwgs-1-1.clmp.fp2_r2_screen	6332080	181058.0	2.85	82.0	0.0	0.0	0.0	34.0	0.0	41445.0	0.66	148929.0	2.3499999999999996	269728.0	4.2700000000000005	98544.0	1.55	186737.0	2.96	109849.0	1.73	142602.0	2.26	121607.0	1.92	6003445	94.81
Sin-APnd_002-Ex1-3G-lcwgs-1-1.clmp.fp2_r1_screen	36865143	787596.0	2.13	412.0	0.0	0.0	0.0	486.0	0.0	119064.0	0.32	600925.0	1.6400000000000001	1180737.0	3.1999999999999997	402017.0	1.09	792483.0	2.14	461365.0	1.2600000000000002	596378.0	1.61	509181.0	1.38	35412656	96.06
Sin-APnd_002-Ex1-3G-lcwgs-1-1.clmp.fp2_r2_screen	36865143	848838.0	2.3	387.0	0.0	0.0	0.0	98.0	0.0	182535.0	0.49	661209.0	1.8	1242969.0	3.3600000000000003	463098.0	1.25	854454.0	2.31	522637.0	1.42	657564.0	1.78	571330.0	1.5499999999999998	35353672	95.9
Sin-APnd_003-Ex1-3H-lcwgs-1-1.clmp.fp2_r1_screen	2423281	52291.0	2.15	29.0	0.0	0.0	0.0	26.0	0.0	7096.0	0.29000000000000004	39584.0	1.6300000000000001	80415.0	3.32	24126.0	0.99	52067.0	2.15	28627.0	1.18	39712.0	1.6500000000000001	30966.0	1.28	2322714	95.85
Sin-APnd_003-Ex1-3H-lcwgs-1-1.clmp.fp2_r2_screen	2423281	55723.0	2.29	28.0	0.0	0.0	0.0	6.0	0.0	10691.0	0.44	42825.0	1.77	84005.0	3.46	27529.0	1.1400000000000001	55423.0	2.29	32150.0	1.3199999999999998	43159.0	1.78	34412.0	1.42	2319322	95.71
Sin-APnd_004-Ex1-4A-lcwgs-1-1.clmp.fp2_r1_screen	16224565	640298.0	3.9400000000000004	384.0	0.0	0.0	0.0	379.0	0.0	105704.0	0.65	611004.0	3.77	931950.0	5.74	356257.0	2.19	656086.0	4.04	394303.0	2.4400000000000004	501761.0	3.1	440294.0	2.72	15028814	92.63
Sin-APnd_004-Ex1-4A-lcwgs-1-1.clmp.fp2_r2_screen	16224565	679980.0	4.19	400.0	0.0	0.0	0.0	73.0	0.0	146893.0	0.9	646677.0	3.9899999999999998	971829.0	5.99	394213.0	2.42	695209.0	4.29	432823.0	2.67	541311.0	3.3400000000000003	479025.0	2.95	14989875	92.39
Sin-APnd_005-Ex1-4B-lcwgs-1-1.clmp.fp2_r1_screen	23137989	567671.0	2.46	219.0	0.0	0.0	0.0	528.0	0.0	107492.0	0.46	451162.0	1.9500000000000002	833326.0	3.6	303851.0	1.31	566112.0	2.4499999999999997	338140.0	1.46	431106.0	1.86	373538.0	1.6099999999999999	22112976	95.57
Sin-APnd_005-Ex1-4B-lcwgs-1-1.clmp.fp2_r2_screen	23137989	618097.0	2.68	228.0	0.0	0.0	0.0	89.0	0.0	160123.0	0.6900000000000001	500492.0	2.15	882750.0	3.81	354637.0	1.53	617475.0	2.6799999999999997	389361.0	1.69	482493.0	2.09	425048.0	1.8399999999999999	22064386	95.36
Sin-APnd_006-Ex1-4C-lcwgs-1-1.clmp.fp2_r1_screen	32568268	773141.0	2.39	441.0	0.0	0.0	0.0	476.0	0.0	107400.0	0.33	699333.0	2.15	1157336.0	3.55	372217.0	1.1400000000000001	761354.0	2.34	425505.0	1.31	564867.0	1.73	479411.0	1.47	31034302	95.29
Sin-APnd_006-Ex1-4C-lcwgs-1-1.clmp.fp2_r2_screen	32568268	853140.0	2.6100000000000003	435.0	0.0	0.0	0.0	106.0	0.0	189321.0	0.58	774025.0	2.37	1237836.0	3.8099999999999996	452076.0	1.3900000000000001	842604.0	2.6	505786.0	1.5499999999999998	645470.0	1.98	560298.0	1.72	30959395	95.06
Sin-APnd_007-Ex1-4D-lcwgs-1-1.clmp.fp2_r1_screen	22534771	703195.0	3.12	204.0	0.0	0.0	0.0	314.0	0.0	69155.0	0.31	477684.0	2.12	1085364.0	4.8100000000000005	316476.0	1.4	724746.0	3.22	387663.0	1.72	543546.0	2.4099999999999997	431606.0	1.92	21261556	94.35
Sin-APnd_007-Ex1-4D-lcwgs-1-1.clmp.fp2_r2_screen	22534771	745333.0	3.3099999999999996	197.0	0.0	0.0	0.0	58.0	0.0	113194.0	0.5	519106.0	2.3	1127608.0	5.0	358390.0	1.5899999999999999	766740.0	3.4000000000000004	429834.0	1.91	586283.0	2.6	473578.0	2.1	21220993	94.17
Sin-APnd_008-Ex1-4E-lcwgs-1-1.clmp.fp2_r1_screen	13700852	507099.0	3.71	452.0	0.0	0.0	0.0	200.0	0.0	59124.0	0.43	510051.0	3.7199999999999998	774157.0	5.65	251259.0	1.8299999999999998	511426.0	3.74	291193.0	2.13	394325.0	2.8800000000000003	319387.0	2.33	12670547	92.48
Sin-APnd_008-Ex1-4E-lcwgs-1-1.clmp.fp2_r2_screen	13700852	544090.0	3.9800000000000004	447.0	0.0	0.0	0.0	41.0	0.0	97024.0	0.71	543988.0	3.9699999999999998	810555.0	5.91	287331.0	2.09	548223.0	4.0	327597.0	2.39	430820.0	3.14	356352.0	2.5999999999999996	12636295	92.23
Sin-APnd_009-Ex1-4F-lcwgs-1-1.clmp.fp2_r1_screen	14459482	372063.0	2.57	169.0	0.0	0.0	0.0	165.0	0.0	49275.0	0.34	304424.0	2.0999999999999996	571748.0	3.96	186652.0	1.29	384550.0	2.66	210814.0	1.46	282659.0	1.96	241648.0	1.67	13755305	95.13
Sin-APnd_009-Ex1-4F-lcwgs-1-1.clmp.fp2_r2_screen	14459482	404553.0	2.81	170.0	0.0	0.0	0.0	32.0	0.0	83244.0	0.58	335579.0	2.3200000000000003	604104.0	4.18	218935.0	1.51	416951.0	2.88	243658.0	1.68	315369.0	2.1799999999999997	274687.0	1.89	13723494	94.91
Sin-APnd_010-Ex1-4G-lcwgs-1-1.clmp.fp2_r1_screen	19719555	579499.0	2.93	194.0	0.0	0.0	0.0	372.0	0.0	85177.0	0.43	447604.0	2.2800000000000002	883496.0	4.48	300574.0	1.52	603166.0	3.06	344825.0	1.75	453884.0	2.31	381893.0	1.94	18664558	94.65
Sin-APnd_010-Ex1-4G-lcwgs-1-1.clmp.fp2_r2_screen	19719555	630216.0	3.1999999999999997	202.0	0.0	0.0	0.0	56.0	0.0	136565.0	0.6900000000000001	496443.0	2.5100000000000002	933404.0	4.74	349990.0	1.77	653185.0	3.32	395141.0	2.0	503954.0	2.57	432382.0	2.19	18615259	94.4
Sin-APnd_011-Ex1-4H-lcwgs-1-1.clmp.fp2_r1_screen	13215515	431564.0	3.26	262.0	0.0	0.0	0.0	224.0	0.0	60281.0	0.45	343875.0	2.61	642356.0	4.87	216191.0	1.63	435275.0	3.3	249302.0	1.89	333994.0	2.54	275883.0	2.09	12427870	94.04
Sin-APnd_011-Ex1-4H-lcwgs-1-1.clmp.fp2_r2_screen	13215515	466162.0	3.53	234.0	0.0	0.0	0.0	27.0	0.0	95864.0	0.72	376663.0	2.84	676533.0	5.109999999999999	250286.0	1.8900000000000001	470230.0	3.5599999999999996	283525.0	2.15	368405.0	2.79	310036.0	2.3499999999999996	12394831	93.79
Sin-APnd_012-Ex1-5A-lcwgs-1-1.clmp.fp2_r1_screen	2467400	71049.0	2.89	20.0	0.0	0.0	0.0	36.0	0.0	12194.0	0.49	55058.0	2.23	106513.0	4.32	36569.0	1.4700000000000002	71947.0	2.9099999999999997	40790.0	1.66	54895.0	2.2199999999999998	44994.0	1.82	2338108	94.76
Sin-APnd_012-Ex1-5A-lcwgs-1-1.clmp.fp2_r2_screen	2467400	76283.0	3.1	23.0	0.0	0.0	0.0	4.0	0.0	17516.0	0.71	59974.0	2.43	111859.0	4.54	41823.0	1.69	77137.0	3.13	46047.0	1.8699999999999999	60022.0	2.44	50520.0	2.0500000000000003	2332926	94.55
Sin-APnd_013-Ex1-5B-lcwgs-1-1.clmp.fp2_r1_screen	20446950	692303.0	3.3899999999999997	127.0	0.0	0.0	0.0	434.0	0.0	76421.0	0.37	462538.0	2.2600000000000002	983656.0	4.82	299403.0	1.4700000000000002	655183.0	3.21	352793.0	1.72	478511.0	2.34	397188.0	1.94	19222177	94.01
Sin-APnd_013-Ex1-5B-lcwgs-1-1.clmp.fp2_r2_screen	20446950	735208.0	3.59	126.0	0.0	0.0	0.0	53.0	0.0	121699.0	0.6	503685.0	2.47	1027419.0	5.03	342228.0	1.67	697594.0	3.42	395644.0	1.94	522182.0	2.56	440315.0	2.15	19181283	93.81
Sin-APnd_014-Ex1-5C-lcwgs-1-1.clmp.fp2_r1_screen	13955027	353118.0	2.5300000000000002	136.0	0.0	0.0	0.0	258.0	0.0	58290.0	0.42	311458.0	2.2399999999999998	536464.0	3.84	183860.0	1.32	357416.0	2.56	212398.0	1.52	274137.0	1.97	231961.0	1.66	13279603	95.16
Sin-APnd_014-Ex1-5C-lcwgs-1-1.clmp.fp2_r2_screen	13955027	380020.0	2.73	145.0	0.0	0.0	0.0	38.0	0.0	86398.0	0.62	337270.0	2.42	563946.0	4.03	210793.0	1.51	384357.0	2.76	239182.0	1.71	301342.0	2.17	258751.0	1.8499999999999999	13254484	94.98
Sin-APnd_015-Ex1-5D-lcwgs-1-1.clmp.fp2_r1_screen	9326529	219026.0	2.35	58.0	0.0	0.0	0.0	134.0	0.0	33141.0	0.36	173349.0	1.86	331172.0	3.55	113391.0	1.2100000000000002	221642.0	2.38	128988.0	1.39	170144.0	1.82	139487.0	1.49	8922690	95.67
Sin-APnd_015-Ex1-5D-lcwgs-1-1.clmp.fp2_r2_screen	9326529	236146.0	2.54	63.0	0.0	0.0	0.0	19.0	0.0	50911.0	0.55	189670.0	2.0300000000000002	348719.0	3.7399999999999998	130614.0	1.3900000000000001	238893.0	2.56	146583.0	1.5699999999999998	187550.0	2.0	156858.0	1.67	8905902	95.49
Sin-APnd_016-Ex1-5E-lcwgs-1-1.clmp.fp2_r1_screen	8252820	243264.0	2.95	78.0	0.0	0.0	0.0	181.0	0.0	28693.0	0.35000000000000003	181938.0	2.21	377664.0	4.57	113508.0	1.37	249650.0	3.0199999999999996	134780.0	1.63	187246.0	2.28	149058.0	1.8	7795613	94.46
Sin-APnd_016-Ex1-5E-lcwgs-1-1.clmp.fp2_r2_screen	8252820	258716.0	3.13	79.0	0.0	0.0	0.0	24.0	0.0	44942.0	0.55	197079.0	2.39	393685.0	4.77	128968.0	1.56	265025.0	3.21	150331.0	1.82	203000.0	2.47	164621.0	1.99	7779933	94.27
Sin-APnd_017-Ex1-5F-lcwgs-1-1.clmp.fp2_r1_screen	10304739	239094.0	2.32	173.0	0.0	0.0	0.0	154.0	0.0	38303.0	0.37	284653.0	2.75	383412.0	3.7300000000000004	124519.0	1.2100000000000002	245191.0	2.37	142057.0	1.38	186583.0	1.81	155268.0	1.5	9765801	94.77
Sin-APnd_017-Ex1-5F-lcwgs-1-1.clmp.fp2_r2_screen	10304739	260372.0	2.52	178.0	0.0	0.0	0.0	37.0	0.0	59785.0	0.58	303628.0	2.95	404108.0	3.91	144864.0	1.4000000000000001	266034.0	2.58	162621.0	1.58	207464.0	2.01	176127.0	1.7	9747252	94.59
Sin-APnd_018-Ex1-5G-lcwgs-1-1.clmp.fp2_r1_screen	18486925	456008.0	2.4699999999999998	131.0	0.0	0.0	0.0	236.0	0.0	48215.0	0.26	316911.0	1.71	718922.0	3.88	204403.0	1.1	470145.0	2.54	249210.0	1.3499999999999999	348691.0	1.8900000000000001	275526.0	1.49	17627282	95.35
Sin-APnd_018-Ex1-5G-lcwgs-1-1.clmp.fp2_r2_screen	18486925	488850.0	2.65	137.0	0.0	0.0	0.0	34.0	0.0	82493.0	0.45	349488.0	1.8900000000000001	752531.0	4.07	237560.0	1.28	503328.0	2.72	281810.0	1.53	381974.0	2.07	309216.0	1.67	17595855	95.18
Sin-APnd_019-Ex1-5H-lcwgs-1-1.clmp.fp2_r1_screen	13851728	423146.0	3.05	127.0	0.0	0.0	0.0	185.0	0.0	56228.0	0.4	317893.0	2.2800000000000002	654740.0	4.73	204493.0	1.4700000000000002	439421.0	3.17	240831.0	1.74	327888.0	2.37	268241.0	1.93	13064949	94.32
Sin-APnd_019-Ex1-5H-lcwgs-1-1.clmp.fp2_r2_screen	13851728	450856.0	3.25	123.0	0.0	0.0	0.0	23.0	0.0	85350.0	0.61	345079.0	2.49	683166.0	4.93	232434.0	1.67	467173.0	3.38	268907.0	1.94	356448.0	2.58	296384.0	2.1399999999999997	13038631	94.13
Sin-APnd_020-Ex1-6A-lcwgs-1-1.clmp.fp2_r1_screen	12865090	377907.0	2.94	116.0	0.0	0.0	0.0	535.0	0.0	96545.0	0.75	348523.0	2.71	530568.0	4.12	238672.0	1.85	384508.0	2.9899999999999998	256849.0	2.0	305434.0	2.38	280206.0	2.18	12210256	94.91
Sin-APnd_020-Ex1-6A-lcwgs-1-1.clmp.fp2_r2_screen	12865090	410245.0	3.2	126.0	0.0	0.0	0.0	82.0	0.0	129574.0	1.01	379024.0	2.9400000000000004	563234.0	4.38	269842.0	2.1	416939.0	3.2399999999999998	288396.0	2.24	337186.0	2.62	312167.0	2.43	12179380	94.67
Sin-APnd_021-Ex1-6B-lcwgs-1-1.clmp.fp2_r1_screen	16915762	630441.0	3.72	222.0	0.0	0.0	0.0	593.0	0.0	108082.0	0.64	592110.0	3.51	919685.0	5.44	371566.0	2.19	659608.0	3.9	407831.0	2.41	511408.0	3.0300000000000002	455337.0	2.69	15779022	93.28
Sin-APnd_021-Ex1-6B-lcwgs-1-1.clmp.fp2_r2_screen	16915762	679514.0	4.01	207.0	0.0	0.0	0.0	124.0	0.0	159333.0	0.9400000000000001	637204.0	3.77	969070.0	5.73	418484.0	2.4699999999999998	708091.0	4.1899999999999995	455899.0	2.6900000000000004	559461.0	3.31	503330.0	2.97	15733350	93.01
Sin-APnd_022-Ex1-6C-lcwgs-1-1.clmp.fp2_r1_screen	8816807	301938.0	3.43	154.0	0.0	0.0	0.0	279.0	0.0	49485.0	0.5700000000000001	348672.0	3.95	491174.0	5.56	159786.0	1.81	321919.0	3.6500000000000004	181261.0	2.06	239049.0	2.71	200250.0	2.2699999999999996	8153783	92.48
Sin-APnd_022-Ex1-6C-lcwgs-1-1.clmp.fp2_r2_screen	8816807	323274.0	3.66	174.0	0.0	0.0	0.0	69.0	0.0	71902.0	0.81	367955.0	4.18	512202.0	5.81	180954.0	2.05	343175.0	3.9000000000000004	202994.0	2.3	260588.0	2.9499999999999997	222290.0	2.5199999999999996	8135267	92.27
Sin-APnd_023-Ex1-6D-lcwgs-1-1.clmp.fp2_r1_screen	12940330	396248.0	3.06	256.0	0.0	0.0	0.0	666.0	0.01	58781.0	0.45	429456.0	3.33	607267.0	4.69	223941.0	1.7200000000000002	411250.0	3.18	250473.0	1.94	315173.0	2.44	277789.0	2.15	12138029	93.8
Sin-APnd_023-Ex1-6D-lcwgs-1-1.clmp.fp2_r2_screen	12940330	434999.0	3.3600000000000003	246.0	0.0	0.0	0.0	156.0	0.0	98390.0	0.76	465242.0	3.6	645965.0	5.0	262139.0	2.02	450104.0	3.48	289488.0	2.2399999999999998	353467.0	2.73	316924.0	2.46	12101796	93.52
Sin-APnd_024-Ex1-6E-lcwgs-1-1.clmp.fp2_r1_screen	3103366	91216.0	2.94	44.0	0.0	0.0	0.0	105.0	0.0	11314.0	0.36	75699.0	2.44	142117.0	4.58	45253.0	1.4500000000000002	94434.0	3.05	52209.0	1.68	71039.0	2.29	57965.0	1.8699999999999999	2928646	94.37
Sin-APnd_024-Ex1-6E-lcwgs-1-1.clmp.fp2_r2_screen	3103366	98847.0	3.18	40.0	0.0	0.0	0.0	37.0	0.0	19166.0	0.62	82989.0	2.67	149577.0	4.82	52756.0	1.69	101745.0	3.27	59972.0	1.93	78747.0	2.54	65307.0	2.11	2921198	94.13
Sin-APnd_025-Ex1-6F-lcwgs-1-1.clmp.fp2_r1_screen	18690991	401681.0	2.15	130.0	0.0	0.0	0.0	538.0	0.0	69342.0	0.37	303660.0	1.6199999999999999	613374.0	3.27	204401.0	1.09	404597.0	2.16	237043.0	1.27	309126.0	1.65	259700.0	1.38	17948958	96.03
Sin-APnd_025-Ex1-6F-lcwgs-1-1.clmp.fp2_r2_screen	18690991	443345.0	2.3699999999999997	110.0	0.0	0.0	0.0	96.0	0.0	111998.0	0.6	344148.0	1.84	654736.0	3.4899999999999998	246133.0	1.31	446382.0	2.39	278914.0	1.4900000000000002	350824.0	1.87	301364.0	1.6099999999999999	17909707	95.82
Sin-CPnd_010-Ex1-2F-lcwgs-1-1.clmp.fp2_r1_screen	913	21.0	2.3	0.0	0.0	0.0	0.0	0.0	0.0	3.0	0.33	10.0	1.1	23.0	2.52	10.0	1.1	17.0	1.86	10.0	1.1	15.0	1.6400000000000001	13.0	1.4200000000000002	887	97.26
Sin-CPnd_010-Ex1-2F-lcwgs-1-1.clmp.fp2_r2_screen	913	18.0	1.9700000000000002	0.0	0.0	0.0	0.0	0.0	0.0	7.0	0.77	13.0	1.42	20.0	2.19	10.0	1.1	17.0	1.86	14.0	1.53	18.0	1.97	12.0	1.31	888	97.37
Sin-CPnd_011-Ex1-10H-lcwgs-1-1.clmp.fp2_r1_screen	1817	44.0	2.4299999999999997	0.0	0.0	0.0	0.0	0.0	0.0	9.0	0.5	34.0	1.88	72.0	3.9699999999999998	24.0	1.3299999999999998	51.0	2.8200000000000003	26.0	1.43	30.0	1.6500000000000001	31.0	1.71	1735	95.49
Sin-CPnd_011-Ex1-10H-lcwgs-1-1.clmp.fp2_r2_screen	1817	40.0	2.21	0.0	0.0	0.0	0.0	0.0	0.0	12.0	0.66	35.0	1.93	73.0	4.029999999999999	26.0	1.44	53.0	2.93	32.0	1.76	36.0	1.99	35.0	1.93	1735	95.49
Sin-CPnd_012-Ex1-2G-lcwgs-1-1.clmp.fp2_r1_screen	819	35.0	4.27	0.0	0.0	0.0	0.0	0.0	0.0	3.0	0.37	23.0	2.8	43.0	5.25	23.0	2.81	33.0	4.03	20.0	2.4400000000000004	29.0	3.54	24.0	2.93	771	94.14
Sin-CPnd_012-Ex1-2G-lcwgs-1-1.clmp.fp2_r2_screen	819	33.0	4.0200000000000005	0.0	0.0	0.0	0.0	0.0	0.0	5.0	0.61	19.0	2.3200000000000003	39.0	4.7700000000000005	23.0	2.81	31.0	3.7800000000000002	20.0	2.4400000000000004	26.0	3.17	24.0	2.93	776	94.87
Sin-CPnd_013-Ex1-4E-lcwgs-1-1.clmp.fp2_r1_screen	26338	722.0	2.7399999999999998	0.0	0.0	0.0	0.0	0.0	0.0	160.0	0.6	441.0	1.67	952.0	3.61	421.0	1.59	694.0	2.6500000000000004	430.0	1.6300000000000001	547.0	2.08	490.0	1.8599999999999999	25289	96.02
Sin-CPnd_013-Ex1-4E-lcwgs-1-1.clmp.fp2_r2_screen	26338	802.0	3.04	0.0	0.0	0.0	0.0	0.0	0.0	240.0	0.91	500.0	1.9100000000000001	1060.0	4.03	505.0	1.9200000000000002	770.0	2.93	519.0	1.98	624.0	2.37	563.0	2.14	25192	95.65
Sin-CPnd_014-Ex1-3F-lcwgs-1-1.clmp.fp2_r1_screen	288	8.0	2.78	0.0	0.0	0.0	0.0	0.0	0.0	3.0	1.04	7.0	2.43	15.0	5.21	8.0	2.7800000000000002	9.0	3.13	7.0	2.43	7.0	2.43	8.0	2.7800000000000002	272	94.79
Sin-CPnd_014-Ex1-3F-lcwgs-1-1.clmp.fp2_r2_screen	288	9.0	3.13	0.0	0.0	0.0	0.0	0.0	0.0	2.0	0.69	6.0	2.09	12.0	4.16	7.0	2.4299999999999997	9.0	3.13	6.0	2.09	6.0	2.08	6.0	2.09	275	95.49
Sin-CPnd_015-Ex1-4A-lcwgs-1-1.clmp.fp2_r1_screen	25597	776.0	3.03	0.0	0.0	0.0	0.0	0.0	0.0	190.0	0.74	474.0	1.8599999999999999	1058.0	4.14	477.0	1.87	764.0	2.9899999999999998	475.0	1.85	608.0	2.38	513.0	2.0100000000000002	24452	95.53
Sin-CPnd_015-Ex1-4A-lcwgs-1-1.clmp.fp2_r2_screen	25597	852.0	3.3299999999999996	0.0	0.0	0.0	0.0	0.0	0.0	269.0	1.05	564.0	2.21	1136.0	4.43	557.0	2.1799999999999997	843.0	3.29	557.0	2.18	667.0	2.6	625.0	2.44	24378	95.24
Sin-CPnd_016-Ex1-1E-lcwgs-1-1.clmp.fp2_r1_screen	9	0.0	0.0	0.0	0.0	0.0	0.0	0.0	0.0	0.0	0.0	0.0	0.0	0.0	0.0	0.0	0.0	0.0	0.0	0.0	0.0	0.0	0.0	0.0	0.0	9	100.0
Sin-CPnd_016-Ex1-1E-lcwgs-1-1.clmp.fp2_r2_screen	9	0.0	0.0	0.0	0.0	0.0	0.0	0.0	0.0	0.0	0.0	0.0	0.0	0.0	0.0	0.0	0.0	0.0	0.0	0.0	0.0	0.0	0.0	0.0	0.0	9	100.0
Sin-CPnd_017-Ex1-4G-lcwgs-1-1.clmp.fp2_r1_screen	1147	37.0	3.23	0.0	0.0	0.0	0.0	0.0	0.0	5.0	0.44	20.0	1.75	53.0	4.62	20.0	1.74	33.0	2.88	24.0	2.09	28.0	2.44	26.0	2.2699999999999996	1091	95.12
Sin-CPnd_017-Ex1-4G-lcwgs-1-1.clmp.fp2_r2_screen	1147	42.0	3.66	0.0	0.0	0.0	0.0	0.0	0.0	9.0	0.78	24.0	2.1	57.0	4.96	22.0	1.92	38.0	3.31	25.0	2.1799999999999997	32.0	2.8	24.0	2.09	1084	94.59
Sin-CPnd_018-Ex1-11A-lcwgs-1-1.clmp.fp2_r1_screen	20141	564.0	2.79	0.0	0.0	0.0	0.0	0.0	0.0	103.0	0.51	357.0	1.76	775.0	3.84	318.0	1.57	555.0	2.75	329.0	1.63	427.0	2.12	370.0	1.8399999999999999	19276	95.71
Sin-CPnd_018-Ex1-11A-lcwgs-1-1.clmp.fp2_r2_screen	20141	636.0	3.15	0.0	0.0	0.0	0.0	0.0	0.0	158.0	0.78	416.0	2.05	821.0	4.08	380.0	1.8800000000000001	612.0	3.04	401.0	1.9900000000000002	490.0	2.42	428.0	2.12	19230	95.48
Sin-CPnd_019-Ex1-1H-lcwgs-1-1.clmp.fp2_r1_screen	33031	485.0	1.48	0.0	0.0	0.0	0.0	0.0	0.0	42.0	0.13	216.0	0.65	715.0	2.16	207.0	0.63	447.0	1.3499999999999999	218.0	0.6499999999999999	328.0	0.98	259.0	0.7899999999999999	32215	97.53
Sin-CPnd_019-Ex1-1H-lcwgs-1-1.clmp.fp2_r2_screen	33031	537.0	1.6300000000000001	1.0	0.0	0.0	0.0	0.0	0.0	113.0	0.34	306.0	0.93	768.0	2.33	298.0	0.8999999999999999	517.0	1.58	296.0	0.89	394.0	1.19	334.0	1.01	32165	97.38
Sin-CPnd_020-Ex1-12E-lcwgs-1-1.clmp.fp2_r1_screen	6371	135.0	2.12	0.0	0.0	0.0	0.0	1.0	0.02	29.0	0.46	97.0	1.52	187.0	2.9299999999999997	73.0	1.1400000000000001	128.0	2.0100000000000002	73.0	1.1400000000000001	104.0	1.6400000000000001	87.0	1.3699999999999999	6142	96.42
Sin-CPnd_020-Ex1-12E-lcwgs-1-1.clmp.fp2_r2_screen	6371	152.0	2.38	0.0	0.0	0.0	0.0	0.0	0.0	46.0	0.72	105.0	1.6600000000000001	212.0	3.33	92.0	1.4500000000000002	160.0	2.5100000000000002	89.0	1.4	116.0	1.8199999999999998	108.0	1.7	6132	96.26
Sin-CPnd_021-Ex1-3D-lcwgs-1-1.clmp.fp2_r1_screen	1380070	40898.0	2.9699999999999998	21.0	0.0	0.0	0.0	19.0	0.0	9488.0	0.6900000000000001	24847.0	1.8	56320.0	4.09	24096.0	1.74	40961.0	2.97	25469.0	1.8499999999999999	31884.0	2.3099999999999996	28821.0	2.09	1318518	95.54
Sin-CPnd_021-Ex1-3D-lcwgs-1-1.clmp.fp2_r2_screen	1380070	44215.0	3.21	20.0	0.0	0.0	0.0	2.0	0.0	12921.0	0.9400000000000001	28291.0	2.0500000000000003	59696.0	4.33	27415.0	1.99	44435.0	3.2199999999999998	28819.0	2.09	35194.0	2.54	32246.0	2.33	1315068	95.29
Sin-CPnd_022-Ex1-1D-lcwgs-1-1.clmp.fp2_r1_screen	24682	518.0	2.09	1.0	0.0	0.0	0.0	0.0	0.0	80.0	0.32	290.0	1.18	694.0	2.8	286.0	1.1600000000000001	475.0	1.92	281.0	1.1300000000000001	366.0	1.48	319.0	1.29	23882	96.76
Sin-CPnd_022-Ex1-1D-lcwgs-1-1.clmp.fp2_r2_screen	24682	620.0	2.51	1.0	0.0	0.0	0.0	0.0	0.0	197.0	0.8	415.0	1.68	804.0	3.25	398.0	1.61	586.0	2.38	402.0	1.6300000000000001	483.0	1.95	446.0	1.81	23783	96.36
Sin-CPnd_023-Ex1-12B-lcwgs-1-1.clmp.fp2_r1_screen	9392	277.0	2.95	0.0	0.0	0.0	0.0	2.0	0.02	73.0	0.78	194.0	2.06	386.0	4.12	174.0	1.85	279.0	2.9699999999999998	182.0	1.94	217.0	2.31	191.0	2.0300000000000002	8959	95.39
Sin-CPnd_023-Ex1-12B-lcwgs-1-1.clmp.fp2_r2_screen	9392	292.0	3.0999999999999996	0.0	0.0	0.0	0.0	1.0	0.01	91.0	0.97	213.0	2.27	396.0	4.21	195.0	2.08	288.0	3.0700000000000003	200.0	2.13	237.0	2.52	217.0	2.31	8949	95.29
Sin-CPnd_024-Ex1-12C-lcwgs-1-1.clmp.fp2_r1_screen	86090	2244.0	2.5999999999999996	1.0	0.0	0.0	0.0	1.0	0.0	370.0	0.43	1273.0	1.47	3120.0	3.6300000000000003	1232.0	1.4200000000000002	2207.0	2.56	1334.0	1.5499999999999998	1682.0	1.96	1482.0	1.72	82611	95.96
Sin-CPnd_024-Ex1-12C-lcwgs-1-1.clmp.fp2_r2_screen	86090	2334.0	2.71	0.0	0.0	0.0	0.0	0.0	0.0	496.0	0.58	1403.0	1.63	3232.0	3.75	1348.0	1.56	2287.0	2.6599999999999997	1433.0	1.66	1822.0	2.12	1622.0	1.88	82560	95.9
Sin-CPnd_025-Ex1-3B-lcwgs-1-1.clmp.fp2_r1_screen	9359	265.0	2.83	0.0	0.0	0.0	0.0	0.0	0.0	57.0	0.61	162.0	1.73	364.0	3.89	164.0	1.75	256.0	2.73	157.0	1.6800000000000002	209.0	2.23	175.0	1.87	8968	95.83
Sin-CPnd_025-Ex1-3B-lcwgs-1-1.clmp.fp2_r2_screen	9359	295.0	3.15	0.0	0.0	0.0	0.0	0.0	0.0	86.0	0.92	190.0	2.0300000000000002	382.0	4.08	198.0	2.11	286.0	3.05	192.0	2.05	235.0	2.5100000000000002	212.0	2.27	8943	95.56
Sin-CPnd_026-Ex1-1G-lcwgs-1-1.clmp.fp2_r1_screen	293	3.0	1.02	0.0	0.0	0.0	0.0	0.0	0.0	1.0	0.34	2.0	0.68	4.0	1.36	2.0	0.68	3.0	1.02	2.0	0.68	2.0	0.68	2.0	0.68	287	98.29
Sin-CPnd_026-Ex1-1G-lcwgs-1-1.clmp.fp2_r2_screen	293	4.0	1.37	0.0	0.0	0.0	0.0	0.0	0.0	3.0	1.02	5.0	1.7100000000000002	6.0	2.05	4.0	1.37	5.0	1.71	4.0	1.37	5.0	1.7100000000000002	5.0	1.71	285	97.27
Sin-CPnd_027-Ex1-3A-lcwgs-1-1.clmp.fp2_r1_screen	169	11.0	6.5	0.0	0.0	0.0	0.0	0.0	0.0	3.0	1.78	10.0	5.92	11.0	6.51	5.0	2.96	9.0	5.32	6.0	3.55	7.0	4.14	7.0	4.14	156	92.31
Sin-CPnd_027-Ex1-3A-lcwgs-1-1.clmp.fp2_r2_screen	169	9.0	5.33	0.0	0.0	0.0	0.0	0.0	0.0	4.0	2.37	10.0	5.91	11.0	6.51	7.0	4.14	9.0	5.33	7.0	4.14	10.0	5.92	8.0	4.73	157	92.9
Sin-CPnd_028-Ex1-12H-lcwgs-1-1.clmp.fp2_r1_screen	2587	66.0	2.55	0.0	0.0	0.0	0.0	0.0	0.0	8.0	0.31	50.0	1.9200000000000002	106.0	4.09	39.0	1.5	72.0	2.79	39.0	1.5099999999999998	49.0	1.89	44.0	1.7	2464	95.25
Sin-CPnd_028-Ex1-12H-lcwgs-1-1.clmp.fp2_r2_screen	2587	75.0	2.9	0.0	0.0	0.0	0.0	0.0	0.0	16.0	0.62	56.0	2.17	116.0	4.48	46.0	1.77	81.0	3.1399999999999997	44.0	1.7	58.0	2.2399999999999998	58.0	2.2399999999999998	2455	94.9
Sin-CPnd_029-Ex1-4D-lcwgs-1-1.clmp.fp2_r1_screen	31425	751.0	2.4	0.0	0.0	0.0	0.0	0.0	0.0	119.0	0.38	411.0	1.31	1054.0	3.35	411.0	1.3	730.0	2.33	434.0	1.38	549.0	1.75	488.0	1.56	30284	96.37
Sin-CPnd_029-Ex1-4D-lcwgs-1-1.clmp.fp2_r2_screen	31425	846.0	2.6900000000000004	0.0	0.0	0.0	0.0	0.0	0.0	229.0	0.73	521.0	1.66	1153.0	3.67	527.0	1.6800000000000002	834.0	2.65	532.0	1.69	674.0	2.15	597.0	1.8900000000000001	30164	95.99
Sin-CPnd_030-Ex1-10B-lcwgs-1-1.clmp.fp2_r1_screen	4005	120.0	2.99	0.0	0.0	0.0	0.0	0.0	0.0	25.0	0.62	78.0	1.94	151.0	3.7700000000000005	69.0	1.72	112.0	2.79	71.0	1.77	93.0	2.31	73.0	1.81	3831	95.66
Sin-CPnd_030-Ex1-10B-lcwgs-1-1.clmp.fp2_r2_screen	4005	125.0	3.1199999999999997	0.0	0.0	0.0	0.0	0.0	0.0	32.0	0.8	88.0	2.19	171.0	4.27	73.0	1.8199999999999998	124.0	3.0900000000000003	73.0	1.82	93.0	2.32	83.0	2.07	3811	95.18
Sin-CPnd_031-Ex1-3G-lcwgs-1-1.clmp.fp2_r1_screen	28671	711.0	2.49	0.0	0.0	0.0	0.0	0.0	0.0	141.0	0.49	411.0	1.4300000000000002	957.0	3.34	405.0	1.4000000000000001	684.0	2.38	450.0	1.5699999999999998	538.0	1.88	476.0	1.67	27598	96.26
Sin-CPnd_031-Ex1-3G-lcwgs-1-1.clmp.fp2_r2_screen	28671	772.0	2.6900000000000004	0.0	0.0	0.0	0.0	0.0	0.0	222.0	0.77	478.0	1.68	1028.0	3.59	483.0	1.6800000000000002	752.0	2.63	503.0	1.7600000000000002	605.0	2.1100000000000003	542.0	1.9	27552	96.1
Sin-CPnd_032-Ex1-3E-lcwgs-1-1.clmp.fp2_r1_screen	7303	195.0	2.67	0.0	0.0	0.0	0.0	0.0	0.0	42.0	0.58	119.0	1.63	253.0	3.46	118.0	1.62	185.0	2.53	121.0	1.65	144.0	1.97	141.0	1.93	7024	96.18
Sin-CPnd_032-Ex1-3E-lcwgs-1-1.clmp.fp2_r2_screen	7303	207.0	2.83	0.0	0.0	0.0	0.0	0.0	0.0	64.0	0.88	125.0	1.7100000000000002	275.0	3.76	131.0	1.8	199.0	2.72	138.0	1.89	166.0	2.27	153.0	2.1	7012	96.02
Sin-CPnd_033-Ex1-1B-lcwgs-1-1.clmp.fp2_r1_screen	498579	12944.0	2.6	11.0	0.0	0.0	0.0	2.0	0.0	3246.0	0.65	8145.0	1.64	17457.0	3.4899999999999998	7856.0	1.57	12524.0	2.5200000000000005	8035.0	1.6099999999999999	9865.0	1.99	8983.0	1.7999999999999998	479034	96.08
Sin-CPnd_033-Ex1-1B-lcwgs-1-1.clmp.fp2_r2_screen	498579	16059.0	3.2300000000000004	13.0	0.0	0.0	0.0	2.0	0.0	6239.0	1.25	11174.0	2.2399999999999998	20456.0	4.1	10908.0	2.1799999999999997	15595.0	3.13	11129.0	2.2399999999999998	13003.0	2.5999999999999996	12132.0	2.43	476043	95.48
Sin-CPnd_034-Ex1-3C-lcwgs-1-1.clmp.fp2_r1_screen	11704	289.0	2.4800000000000004	0.0	0.0	0.0	0.0	0.0	0.0	60.0	0.51	166.0	1.4200000000000002	410.0	3.51	168.0	1.44	286.0	2.44	175.0	1.49	217.0	1.8599999999999999	193.0	1.65	11256	96.18
Sin-CPnd_034-Ex1-3C-lcwgs-1-1.clmp.fp2_r2_screen	11704	329.0	2.8200000000000003	0.0	0.0	0.0	0.0	0.0	0.0	94.0	0.8	197.0	1.69	429.0	3.67	196.0	1.6700000000000002	313.0	2.67	209.0	1.79	250.0	2.14	216.0	1.85	11239	96.03
Sin-CPnd_035-Ex1-12D-lcwgs-1-1.clmp.fp2_r1_screen	5700	133.0	2.33	0.0	0.0	0.0	0.0	0.0	0.0	21.0	0.37	85.0	1.5	190.0	3.34	66.0	1.1600000000000001	126.0	2.21	79.0	1.39	96.0	1.68	87.0	1.53	5482	96.18
Sin-CPnd_035-Ex1-12D-lcwgs-1-1.clmp.fp2_r2_screen	5700	161.0	2.83	0.0	0.0	0.0	0.0	0.0	0.0	38.0	0.67	111.0	1.96	217.0	3.8000000000000003	97.0	1.7000000000000002	157.0	2.7600000000000002	97.0	1.7	124.0	2.18	99.0	1.74	5445	95.54
Sin-CPnd_037-Ex1-4F-lcwgs-1-1.clmp.fp2_r1_screen	86	2.0	2.33	0.0	0.0	0.0	0.0	0.0	0.0	0.0	0.0	2.0	2.33	4.0	4.65	2.0	2.33	4.0	4.66	2.0	2.33	3.0	3.49	2.0	2.33	82	95.35
Sin-CPnd_037-Ex1-4F-lcwgs-1-1.clmp.fp2_r2_screen	86	3.0	3.49	0.0	0.0	0.0	0.0	0.0	0.0	1.0	1.16	3.0	3.49	4.0	4.65	3.0	3.49	4.0	4.65	3.0	3.49	4.0	4.65	3.0	3.49	82	95.35
Sin-CPnd_038-Ex1-11C-lcwgs-1-1.clmp.fp2_r1_screen	7612	188.0	2.4699999999999998	0.0	0.0	0.0	0.0	0.0	0.0	19.0	0.25	140.0	1.83	264.0	3.47	93.0	1.22	185.0	2.42	107.0	1.4100000000000001	137.0	1.8	117.0	1.5399999999999998	7299	95.9
Sin-CPnd_038-Ex1-11C-lcwgs-1-1.clmp.fp2_r2_screen	7612	195.0	2.56	0.0	0.0	0.0	0.0	0.0	0.0	41.0	0.54	151.0	1.98	278.0	3.6500000000000004	115.0	1.51	200.0	2.63	126.0	1.66	152.0	1.99	129.0	1.69	7289	95.76
Sin-CPnd_039-Ex1-10F-lcwgs-1-1.clmp.fp2_r1_screen	3784	100.0	2.6399999999999997	0.0	0.0	0.0	0.0	0.0	0.0	19.0	0.5	66.0	1.75	145.0	3.82	59.0	1.56	101.0	2.67	50.0	1.33	87.0	2.3000000000000003	66.0	1.74	3615	95.56
Sin-CPnd_039-Ex1-10F-lcwgs-1-1.clmp.fp2_r2_screen	3784	106.0	2.79	0.0	0.0	0.0	0.0	0.0	0.0	25.0	0.66	73.0	1.93	153.0	4.04	64.0	1.69	113.0	2.99	54.0	1.4200000000000002	86.0	2.28	71.0	1.8699999999999999	3611	95.45
Sin-CPnd_040-Ex1-11E-lcwgs-1-1.clmp.fp2_r1_screen	6326	168.0	2.6599999999999997	0.0	0.0	0.0	0.0	1.0	0.02	31.0	0.49	122.0	1.9300000000000002	235.0	3.72	104.0	1.6400000000000001	161.0	2.55	105.0	1.6600000000000001	138.0	2.17	110.0	1.74	6045	95.57
Sin-CPnd_040-Ex1-11E-lcwgs-1-1.clmp.fp2_r2_screen	6326	193.0	3.0500000000000003	0.0	0.0	0.0	0.0	0.0	0.0	60.0	0.9500000000000001	156.0	2.4699999999999998	282.0	4.46	133.0	2.1	209.0	3.31	133.0	2.1	164.0	2.5900000000000003	146.0	2.31	6005	94.93
Sin-CPnd_041-Ex1-1F-lcwgs-1-1.clmp.fp2_r1_screen	4486	139.0	3.1	2.0	0.04	0.0	0.0	0.0	0.0	14.0	0.31	91.0	2.02	177.0	3.94	74.0	1.6500000000000001	121.0	2.7	68.0	1.52	90.0	2.0	72.0	1.6	4264	95.07
Sin-CPnd_041-Ex1-1F-lcwgs-1-1.clmp.fp2_r2_screen	4486	151.0	3.37	2.0	0.04	0.0	0.0	0.0	0.0	33.0	0.74	109.0	2.42	193.0	4.3	89.0	1.98	139.0	3.1	88.0	1.96	105.0	2.33	98.0	2.1799999999999997	4253	94.81
Sin-CPnd_042-Ex1-10D-lcwgs-1-1.clmp.fp2_r1_screen	48877	1488.0	3.05	1.0	0.0	0.0	0.0	1.0	0.0	288.0	0.59	843.0	1.72	2047.0	4.19	821.0	1.6800000000000002	1437.0	2.94	881.0	1.8	1118.0	2.28	947.0	1.93	46643	95.43
Sin-CPnd_042-Ex1-10D-lcwgs-1-1.clmp.fp2_r2_screen	48877	1552.0	3.1799999999999997	1.0	0.0	0.0	0.0	0.0	0.0	410.0	0.84	990.0	2.02	2102.0	4.3	957.0	1.96	1526.0	3.13	984.0	2.0100000000000002	1215.0	2.49	1079.0	2.21	46574	95.29
Sin-CPnd_043-Ex1-1C-lcwgs-1-1.clmp.fp2_r1_screen	6987	226.0	3.23	1.0	0.01	0.0	0.0	0.0	0.0	44.0	0.63	129.0	1.84	303.0	4.34	133.0	1.9000000000000001	207.0	2.96	137.0	1.95	167.0	2.38	148.0	2.12	6657	95.29
Sin-CPnd_043-Ex1-1C-lcwgs-1-1.clmp.fp2_r2_screen	6987	251.0	3.58	1.0	0.01	0.0	0.0	0.0	0.0	76.0	1.09	161.0	2.31	339.0	4.86	156.0	2.23	235.0	3.3600000000000003	160.0	2.29	188.0	2.69	178.0	2.55	6625	94.82
Sin-CPnd_044-Ex1-2C-lcwgs-1-1.clmp.fp2_r1_screen	896089	29309.0	3.27	16.0	0.0	0.0	0.0	6.0	0.0	6953.0	0.78	18194.0	2.0300000000000002	39793.0	4.45	17663.0	1.96	29221.0	3.2600000000000002	18312.0	2.04	23004.0	2.5500000000000003	20577.0	2.29	852807	95.17
Sin-CPnd_044-Ex1-2C-lcwgs-1-1.clmp.fp2_r2_screen	896089	30921.0	3.45	16.0	0.0	0.0	0.0	1.0	0.0	8428.0	0.9400000000000001	19778.0	2.21	41259.0	4.6	19079.0	2.12	30770.0	3.43	19808.0	2.21	24482.0	2.7399999999999998	22043.0	2.45	851194	94.99
Sin-CPnd_045-Ex1-11H-lcwgs-1-1.clmp.fp2_r1_screen	3542	99.0	2.79	0.0	0.0	0.0	0.0	0.0	0.0	13.0	0.37	62.0	1.75	160.0	4.5200000000000005	49.0	1.3900000000000001	103.0	2.91	52.0	1.46	72.0	2.0300000000000002	63.0	1.7799999999999998	3358	94.81
Sin-CPnd_045-Ex1-11H-lcwgs-1-1.clmp.fp2_r2_screen	3542	125.0	3.5300000000000002	0.0	0.0	0.0	0.0	0.0	0.0	26.0	0.73	81.0	2.29	169.0	4.77	67.0	1.8900000000000001	124.0	3.5	74.0	2.09	97.0	2.7399999999999998	76.0	2.15	3344	94.41
Sin-CPnd_049-Ex1-4C-lcwgs-1-1.clmp.fp2_r1_screen	8530	248.0	2.9000000000000004	1.0	0.01	0.0	0.0	0.0	0.0	55.0	0.65	160.0	1.8699999999999999	331.0	3.88	163.0	1.9200000000000002	239.0	2.8	162.0	1.89	195.0	2.2800000000000002	168.0	1.9700000000000002	8164	95.71
Sin-CPnd_049-Ex1-4C-lcwgs-1-1.clmp.fp2_r2_screen	8530	271.0	3.1700000000000004	1.0	0.01	0.0	0.0	0.0	0.0	80.0	0.93	189.0	2.2199999999999998	376.0	4.41	182.0	2.13	273.0	3.2	175.0	2.06	208.0	2.44	202.0	2.37	8130	95.32
Sin-CPnd_050-Ex1-9B-lcwgs-1-1.clmp.fp2_r1_screen	55723	1454.0	2.6	0.0	0.0	0.0	0.0	0.0	0.0	242.0	0.44	951.0	1.71	2080.0	3.73	799.0	1.4300000000000002	1435.0	2.58	831.0	1.48	1107.0	2.0	931.0	1.67	53326	95.7
Sin-CPnd_050-Ex1-9B-lcwgs-1-1.clmp.fp2_r2_screen	55723	1609.0	2.8899999999999997	0.0	0.0	0.0	0.0	0.0	0.0	354.0	0.64	1078.0	1.9300000000000002	2266.0	4.06	905.0	1.62	1580.0	2.84	927.0	1.66	1234.0	2.2199999999999998	1030.0	1.8599999999999999	53126	95.34
Sin-CPnd_051-Ex1-12G-lcwgs-1-1.clmp.fp2_r1_screen	6066	146.0	2.4000000000000004	0.0	0.0	0.0	0.0	0.0	0.0	24.0	0.4	102.0	1.69	216.0	3.56	77.0	1.27	155.0	2.56	89.0	1.48	115.0	1.9000000000000001	91.0	1.5	5816	95.88
Sin-CPnd_051-Ex1-12G-lcwgs-1-1.clmp.fp2_r2_screen	6066	168.0	2.77	0.0	0.0	0.0	0.0	0.0	0.0	47.0	0.77	129.0	2.13	241.0	3.9699999999999998	95.0	1.57	173.0	2.85	113.0	1.8599999999999999	143.0	2.3600000000000003	103.0	1.7000000000000002	5797	95.57
Sin-CPnd_053-Ex1-9G-lcwgs-1-1.clmp.fp2_r1_screen	67192	1504.0	2.2399999999999998	0.0	0.0	0.0	0.0	0.0	0.0	212.0	0.32	939.0	1.4000000000000001	2267.0	3.37	777.0	1.1500000000000001	1554.0	2.31	840.0	1.25	1157.0	1.73	934.0	1.39	64571	96.1
Sin-CPnd_053-Ex1-9G-lcwgs-1-1.clmp.fp2_r2_screen	67192	1701.0	2.5300000000000002	0.0	0.0	0.0	0.0	0.0	0.0	391.0	0.58	1136.0	1.7000000000000002	2459.0	3.66	956.0	1.4200000000000002	1720.0	2.5700000000000003	1036.0	1.5399999999999998	1331.0	1.99	1157.0	1.72	64376	95.81
Sin-CPnd_058-Ex1-9D-lcwgs-1-1.clmp.fp2_r1_screen	1672012	32495.0	1.94	16.0	0.0	0.0	0.0	14.0	0.0	5193.0	0.31	17818.0	1.06	46791.0	2.79	17190.0	1.03	31920.0	1.9	18241.0	1.1	23872.0	1.42	21075.0	1.2600000000000002	1620179	96.9
Sin-CPnd_058-Ex1-9D-lcwgs-1-1.clmp.fp2_r2_screen	1672012	36341.0	2.17	14.0	0.0	0.0	0.0	0.0	0.0	9199.0	0.55	21738.0	1.2999999999999998	50800.0	3.0300000000000002	21076.0	1.26	35948.0	2.15	22193.0	1.32	27940.0	1.66	24950.0	1.4900000000000002	1616166	96.66
Sin-CPnd_060-Ex1-2H-lcwgs-1-1.clmp.fp2_r1_screen	798	16.0	2.01	0.0	0.0	0.0	0.0	0.0	0.0	3.0	0.38	9.0	1.13	25.0	3.1399999999999997	7.0	0.88	17.0	2.1399999999999997	12.0	1.51	14.0	1.76	10.0	1.25	769	96.37
Sin-CPnd_060-Ex1-2H-lcwgs-1-1.clmp.fp2_r2_screen	798	17.0	2.1399999999999997	0.0	0.0	0.0	0.0	0.0	0.0	5.0	0.63	12.0	1.5	26.0	3.2699999999999996	10.0	1.25	18.0	2.2699999999999996	13.0	1.63	15.0	1.88	13.0	1.63	771	96.62
Sin-CPnd_061-Ex1-9A-lcwgs-1-1.clmp.fp2_r1_screen	32458	877.0	2.71	0.0	0.0	0.0	0.0	0.0	0.0	193.0	0.6	619.0	1.9	1258.0	3.87	521.0	1.61	890.0	2.74	531.0	1.64	649.0	1.99	602.0	1.8599999999999999	31000	95.51
Sin-CPnd_061-Ex1-9A-lcwgs-1-1.clmp.fp2_r2_screen	32458	966.0	2.98	0.0	0.0	0.0	0.0	0.0	0.0	254.0	0.79	691.0	2.13	1340.0	4.12	587.0	1.81	953.0	2.9400000000000004	602.0	1.8599999999999999	732.0	2.26	665.0	2.04	30932	95.3
Sin-CPnd_062-Ex1-11D-lcwgs-1-1.clmp.fp2_r1_screen	96379	2664.0	2.7600000000000002	2.0	0.0	0.0	0.0	1.0	0.0	493.0	0.51	1611.0	1.68	3612.0	3.75	1523.0	1.58	2612.0	2.7199999999999998	1537.0	1.5899999999999999	2015.0	2.09	1770.0	1.8399999999999999	92340	95.81
Sin-CPnd_062-Ex1-11D-lcwgs-1-1.clmp.fp2_r2_screen	96379	3194.0	3.32	1.0	0.0	0.0	0.0	1.0	0.0	1061.0	1.1	2171.0	2.26	4154.0	4.3100000000000005	2048.0	2.12	3108.0	3.2199999999999998	2083.0	2.1599999999999997	2585.0	2.68	2288.0	2.37	91839	95.29
Sin-CPnd_063-Ex1-9F-lcwgs-1-1.clmp.fp2_r1_screen	60873	1360.0	2.23	1.0	0.0	0.0	0.0	2.0	0.0	225.0	0.37	875.0	1.44	1923.0	3.1599999999999997	749.0	1.23	1351.0	2.2199999999999998	769.0	1.25	1008.0	1.65	874.0	1.42	58693	96.42
Sin-CPnd_063-Ex1-9F-lcwgs-1-1.clmp.fp2_r2_screen	60873	1512.0	2.49	1.0	0.0	0.0	0.0	0.0	0.0	401.0	0.65	1006.0	1.66	2098.0	3.4499999999999997	908.0	1.48	1488.0	2.45	907.0	1.48	1193.0	1.96	1029.0	1.69	58505	96.11
Sin-CPnd_065-Ex1-11B-lcwgs-1-1.clmp.fp2_r1_screen	24804	727.0	2.93	0.0	0.0	0.0	0.0	0.0	0.0	122.0	0.49	433.0	1.74	1011.0	4.07	413.0	1.6600000000000001	689.0	2.7800000000000002	422.0	1.7	543.0	2.19	460.0	1.8499999999999999	23660	95.39
Sin-CPnd_065-Ex1-11B-lcwgs-1-1.clmp.fp2_r2_screen	24804	779.0	3.15	0.0	0.0	0.0	0.0	0.0	0.0	192.0	0.77	501.0	2.02	1062.0	4.29	475.0	1.9100000000000001	774.0	3.12	483.0	1.9500000000000002	591.0	2.39	523.0	2.12	23625	95.25
Sin-CPnd_067-Ex1-9C-lcwgs-1-1.clmp.fp2_r1_screen	97127	2448.0	2.53	0.0	0.0	0.0	0.0	1.0	0.0	434.0	0.45	1585.0	1.6400000000000001	3461.0	3.57	1370.0	1.42	2400.0	2.47	1439.0	1.48	1839.0	1.8900000000000001	1614.0	1.66	93203	95.96
Sin-CPnd_067-Ex1-9C-lcwgs-1-1.clmp.fp2_r2_screen	97127	2786.0	2.86	0.0	0.0	0.0	0.0	0.0	0.0	765.0	0.78	1881.0	1.9300000000000002	3758.0	3.86	1701.0	1.75	2729.0	2.81	1736.0	1.79	2185.0	2.26	1926.0	1.99	92863	95.61
Sin-CPnd_071-Ex1-10A-lcwgs-1-1.clmp.fp2_r1_screen	2945	79.0	2.6799999999999997	0.0	0.0	0.0	0.0	0.0	0.0	20.0	0.68	66.0	2.24	115.0	3.9	56.0	1.9	82.0	2.7800000000000002	50.0	1.69	72.0	2.45	56.0	1.9000000000000001	2813	95.52
Sin-CPnd_071-Ex1-10A-lcwgs-1-1.clmp.fp2_r2_screen	2945	92.0	3.12	0.0	0.0	0.0	0.0	0.0	0.0	29.0	0.98	79.0	2.6799999999999997	126.0	4.28	64.0	2.17	97.0	3.29	71.0	2.41	83.0	2.82	72.0	2.44	2800	95.08
Sin-CPnd_074-Ex1-12A-lcwgs-1-1.clmp.fp2_r1_screen	2462	87.0	3.53	0.0	0.0	0.0	0.0	0.0	0.0	21.0	0.8500000000000001	61.0	2.4699999999999998	115.0	4.68	59.0	2.39	88.0	3.57	60.0	2.43	68.0	2.76	62.0	2.52	2331	94.68
Sin-CPnd_074-Ex1-12A-lcwgs-1-1.clmp.fp2_r2_screen	2462	89.0	3.61	0.0	0.0	0.0	0.0	0.0	0.0	26.0	1.06	67.0	2.7199999999999998	116.0	4.71	60.0	2.44	94.0	3.8200000000000003	66.0	2.68	68.0	2.7600000000000002	70.0	2.84	2328	94.56
Sin-CPnd_075-Ex1-11G-lcwgs-1-1.clmp.fp2_r1_screen	11845	299.0	2.52	0.0	0.0	0.0	0.0	1.0	0.01	42.0	0.35	189.0	1.6	428.0	3.61	162.0	1.37	295.0	2.49	171.0	1.4500000000000002	234.0	1.98	196.0	1.66	11360	95.91
Sin-CPnd_075-Ex1-11G-lcwgs-1-1.clmp.fp2_r2_screen	11845	324.0	2.73	0.0	0.0	0.0	0.0	0.0	0.0	74.0	0.62	220.0	1.86	450.0	3.8000000000000003	191.0	1.62	325.0	2.75	204.0	1.7200000000000002	265.0	2.2399999999999998	217.0	1.8399999999999999	11329	95.65
Sin-CPnd_076-Ex1-10E-lcwgs-1-1.clmp.fp2_r1_screen	15626	346.0	2.22	0.0	0.0	0.0	0.0	0.0	0.0	65.0	0.41000000000000003	220.0	1.42	500.0	3.21	195.0	1.25	345.0	2.21	201.0	1.29	274.0	1.7599999999999998	222.0	1.4200000000000002	15054	96.34
Sin-CPnd_076-Ex1-10E-lcwgs-1-1.clmp.fp2_r2_screen	15626	375.0	2.4	0.0	0.0	0.0	0.0	0.0	0.0	96.0	0.61	242.0	1.54	522.0	3.34	231.0	1.4800000000000002	370.0	2.37	229.0	1.46	300.0	1.9200000000000002	253.0	1.63	15033	96.21
Sin-CPnd_079-Ex1-9H-lcwgs-1-1.clmp.fp2_r1_screen	273271	6874.0	2.51	1.0	0.0	0.0	0.0	8.0	0.0	1347.0	0.49	4024.0	1.47	9525.0	3.48	3967.0	1.4500000000000002	6658.0	2.44	3955.0	1.44	5145.0	1.8800000000000001	4537.0	1.65	262722	96.14
Sin-CPnd_079-Ex1-9H-lcwgs-1-1.clmp.fp2_r2_screen	273271	7701.0	2.82	0.0	0.0	0.0	0.0	0.0	0.0	2134.0	0.78	4779.0	1.75	10269.0	3.7600000000000002	4733.0	1.73	7449.0	2.7199999999999998	4713.0	1.7200000000000002	5909.0	2.16	5319.0	1.95	261984	95.87
Sin-CPnd_080-Ex1-2E-lcwgs-1-1.clmp.fp2_r1_screen	23352	720.0	3.0799999999999996	1.0	0.0	0.0	0.0	0.0	0.0	174.0	0.75	434.0	1.8599999999999999	936.0	4.01	447.0	1.9100000000000001	700.0	2.99	438.0	1.88	557.0	2.38	501.0	2.14	22322	95.59
Sin-CPnd_080-Ex1-2E-lcwgs-1-1.clmp.fp2_r2_screen	23352	775.0	3.3200000000000003	1.0	0.0	0.0	0.0	0.0	0.0	229.0	0.98	505.0	2.17	1036.0	4.4399999999999995	515.0	2.1999999999999997	772.0	3.3099999999999996	520.0	2.2199999999999998	629.0	2.69	565.0	2.42	22247	95.27
Sin-CPnd_081-Ex1-10G-lcwgs-1-1.clmp.fp2_r1_screen	4186	109.0	2.6	0.0	0.0	0.0	0.0	0.0	0.0	20.0	0.48	78.0	1.8599999999999999	156.0	3.72	62.0	1.48	108.0	2.58	66.0	1.58	87.0	2.07	75.0	1.79	4008	95.77
Sin-CPnd_081-Ex1-10G-lcwgs-1-1.clmp.fp2_r2_screen	4186	120.0	2.86	0.0	0.0	0.0	0.0	0.0	0.0	28.0	0.67	75.0	1.8	155.0	3.71	70.0	1.67	112.0	2.6799999999999997	71.0	1.69	93.0	2.23	78.0	1.8599999999999999	4005	95.68
Sin-CPnd_085-Ex1-4H-lcwgs-1-1.clmp.fp2_r1_screen	2484	81.0	3.26	0.0	0.0	0.0	0.0	0.0	0.0	20.0	0.81	50.0	2.0100000000000002	100.0	4.02	48.0	1.93	77.0	3.0999999999999996	43.0	1.73	62.0	2.4899999999999998	46.0	1.85	2370	95.45
Sin-CPnd_085-Ex1-4H-lcwgs-1-1.clmp.fp2_r2_screen	2484	98.0	3.94	0.0	0.0	0.0	0.0	0.0	0.0	38.0	1.53	63.0	2.54	125.0	5.03	59.0	2.37	92.0	3.7	61.0	2.45	75.0	3.02	63.0	2.54	2345	94.44
Sin-CPnd_086-Ex1-2A-lcwgs-1-1.clmp.fp2_r1_screen	757	30.0	3.96	0.0	0.0	0.0	0.0	0.0	0.0	7.0	0.92	19.0	2.51	40.0	5.28	18.0	2.38	31.0	4.1	20.0	2.64	25.0	3.3000000000000003	20.0	2.6399999999999997	714	94.45
Sin-CPnd_086-Ex1-2A-lcwgs-1-1.clmp.fp2_r2_screen	757	36.0	4.75	0.0	0.0	0.0	0.0	0.0	0.0	14.0	1.85	23.0	3.0300000000000002	43.0	5.68	26.0	3.4299999999999997	36.0	4.75	26.0	3.4299999999999997	32.0	4.220000000000001	26.0	3.43	706	93.39
Sin-CPnd_087-Ex1-4B-lcwgs-1-1.clmp.fp2_r1_screen	460	15.0	3.2600000000000002	0.0	0.0	0.0	0.0	0.0	0.0	5.0	1.09	12.0	2.6100000000000003	18.0	3.9	11.0	2.39	14.0	3.0500000000000003	13.0	2.83	11.0	2.39	12.0	2.6100000000000003	438	95.43
Sin-CPnd_087-Ex1-4B-lcwgs-1-1.clmp.fp2_r2_screen	460	16.0	3.48	0.0	0.0	0.0	0.0	0.0	0.0	7.0	1.52	14.0	3.0500000000000003	18.0	3.9099999999999997	13.0	2.83	15.0	3.26	14.0	3.04	13.0	2.83	13.0	2.83	441	95.87
Sin-CPnd_088-Ex1-2D-lcwgs-1-1.clmp.fp2_r1_screen	6190929	165574.0	2.6799999999999997	30.0	0.0	0.0	0.0	66.0	0.0	41067.0	0.66	97778.0	1.58	225801.0	3.65	98037.0	1.58	163067.0	2.63	103635.0	1.68	128057.0	2.06	116424.0	1.8699999999999999	5943910	96.01
Sin-CPnd_088-Ex1-2D-lcwgs-1-1.clmp.fp2_r2_screen	6190929	179106.0	2.9	29.0	0.0	0.0	0.0	9.0	0.0	54650.0	0.88	111287.0	1.7999999999999998	240360.0	3.88	111449.0	1.8	176593.0	2.8499999999999996	117044.0	1.89	141472.0	2.2800000000000002	129966.0	2.09	5929671	95.78
Sin-CPnd_089-Ex1-9E-lcwgs-1-1.clmp.fp2_r1_screen	25452	668.0	2.61	0.0	0.0	0.0	0.0	0.0	0.0	96.0	0.38	451.0	1.77	1004.0	3.95	364.0	1.4300000000000002	697.0	2.7399999999999998	389.0	1.53	515.0	2.03	448.0	1.76	24286	95.42
Sin-CPnd_089-Ex1-9E-lcwgs-1-1.clmp.fp2_r2_screen	25452	756.0	2.9699999999999998	0.0	0.0	0.0	0.0	0.0	0.0	172.0	0.67	518.0	2.04	1054.0	4.13	433.0	1.7000000000000002	744.0	2.92	472.0	1.8499999999999999	570.0	2.2399999999999998	504.0	1.98	24243	95.25
Sin-CPnd_090-Ex1-12F-lcwgs-1-1.clmp.fp2_r1_screen	4313	87.0	2.02	0.0	0.0	0.0	0.0	0.0	0.0	15.0	0.35	61.0	1.42	134.0	3.11	49.0	1.1400000000000001	95.0	2.21	49.0	1.13	69.0	1.6	65.0	1.51	4149	96.22
Sin-CPnd_090-Ex1-12F-lcwgs-1-1.clmp.fp2_r2_screen	4313	104.0	2.41	0.0	0.0	0.0	0.0	0.0	0.0	36.0	0.8300000000000001	72.0	1.67	139.0	3.2199999999999998	64.0	1.48	103.0	2.38	68.0	1.57	82.0	1.9000000000000001	75.0	1.74	4149	96.22
Sin-CPnd_091-Ex1-1A-lcwgs-1-1.clmp.fp2_r1_screen	779	20.0	2.57	0.0	0.0	0.0	0.0	0.0	0.0	5.0	0.64	9.0	1.1600000000000001	25.0	3.22	13.0	1.67	14.0	1.7999999999999998	10.0	1.28	13.0	1.67	10.0	1.29	750	96.28
Sin-CPnd_091-Ex1-1A-lcwgs-1-1.clmp.fp2_r2_screen	779	31.0	3.9800000000000004	0.0	0.0	0.0	0.0	0.0	0.0	12.0	1.54	18.0	2.31	35.0	4.5	21.0	2.6999999999999997	27.0	3.47	17.0	2.18	20.0	2.5700000000000003	19.0	2.4400000000000004	741	95.25
Sin-CPnd_092-Ex1-11F-lcwgs-1-1.clmp.fp2_r1_screen	14949	419.0	2.81	0.0	0.0	0.0	0.0	0.0	0.0	79.0	0.53	292.0	1.95	574.0	3.84	244.0	1.6300000000000001	410.0	2.74	269.0	1.7999999999999998	322.0	2.15	308.0	2.06	14295	95.63
Sin-CPnd_092-Ex1-11F-lcwgs-1-1.clmp.fp2_r2_screen	14949	470.0	3.15	0.0	0.0	0.0	0.0	0.0	0.0	138.0	0.93	353.0	2.36	630.0	4.21	312.0	2.09	472.0	3.16	317.0	2.13	387.0	2.59	354.0	2.37	14226	95.17
Sin-CPnd_093-Ex1-10C-lcwgs-1-1.clmp.fp2_r1_screen	7411	185.0	2.49	0.0	0.0	0.0	0.0	0.0	0.0	35.0	0.47	131.0	1.77	274.0	3.7	95.0	1.28	192.0	2.58	102.0	1.3800000000000001	138.0	1.8599999999999999	120.0	1.6199999999999999	7087	95.64
Sin-CPnd_093-Ex1-10C-lcwgs-1-1.clmp.fp2_r2_screen	7411	210.0	2.84	0.0	0.0	0.0	0.0	0.0	0.0	48.0	0.64	142.0	1.9100000000000001	287.0	3.87	114.0	1.54	208.0	2.8	122.0	1.65	149.0	2.01	129.0	1.74	7081	95.55
Sin-CPnd_094-Ex1-3H-lcwgs-1-1.clmp.fp2_r1_screen	2757	57.0	2.0700000000000003	0.0	0.0	0.0	0.0	0.0	0.0	7.0	0.25	32.0	1.1600000000000001	76.0	2.7600000000000002	32.0	1.16	54.0	1.96	36.0	1.3099999999999998	46.0	1.68	38.0	1.38	2669	96.84
Sin-CPnd_094-Ex1-3H-lcwgs-1-1.clmp.fp2_r2_screen	2757	72.0	2.61	0.0	0.0	0.0	0.0	0.0	0.0	18.0	0.65	46.0	1.68	94.0	3.41	46.0	1.67	72.0	2.62	48.0	1.74	57.0	2.07	53.0	1.93	2656	96.37
Sin-CPnd_095-Ex1-2B-lcwgs-1-1.clmp.fp2_r1_screen	3969	151.0	3.8000000000000003	0.0	0.0	0.0	0.0	0.0	0.0	30.0	0.76	85.0	2.14	185.0	4.66	88.0	2.22	131.0	3.31	87.0	2.19	97.0	2.45	90.0	2.27	3761	94.76
Sin-CPnd_095-Ex1-2B-lcwgs-1-1.clmp.fp2_r2_screen	3969	176.0	4.4399999999999995	0.0	0.0	0.0	0.0	0.0	0.0	45.0	1.13	106.0	2.6700000000000004	199.0	5.01	104.0	2.62	151.0	3.8200000000000003	103.0	2.6	118.0	2.9800000000000004	107.0	2.69	3741	94.28
Undetermined.clmp.fp2_r1_screen	74587587	2266520.0	3.04	4821.0	0.01	55.0	0.0	6593.0	0.01	540210.0	0.72	2127794.0	2.85	3300889.0	4.42	1241798.0	1.6600000000000001	2266213.0	3.04	1389480.0	1.8599999999999999	1752827.0	2.3499999999999996	1514892.0	2.0300000000000002	70306259	94.26
Undetermined.clmp.fp2_r2_screen	74587587	2973309.0	3.99	4642.0	0.01	54.0	0.0	3559.0	0.0	1256416.0	1.68	2792207.0	3.74	3997318.0	5.3500000000000005	1952940.0	2.6199999999999997	2970681.0	3.99	2099100.0	2.82	2461838.0	3.3099999999999996	2224522.0	2.97	69649888	93.38
