Sample	1	2	3	4	5	6	7	8	9	12	17	22	27	32	37	42	47	52	57	62	67	72	77	82	87	92	97	102	107	112	117	122	127	132	137	142	147	150
Sin-APnd_001-Ex1-6G-lcwgs-1-1.clmp.fp2_repr.R1	0.0	0.0	0.0	1.68182891494453e-05	0.0	0.0	0.0	0.0	0.0	6.0545840938003075e-05	0.002980200837281707	1.345463131955624e-05	3.0272920469001537e-05	6.7293215854631576e-06	2.7123739653056178e-05	0.0	0.0	3.6641877459448618e-06	3.467319282933716e-05	5.3644984835594426e-05	9.04655342824344e-06	0.0001067232659108254	0.0	0.0	3.260325675561895e-05	0.0	3.6225155279128104e-05	0.0008373518746962729	0.0020168952325638942	0.0	0.0	3.864991218739951e-05	0.0	0.0	0.0	0.0	0.0	0.0
Sin-APnd_001-Ex1-6G-lcwgs-1-1.clmp.fp2_repr.R2	0.0	0.0009754607706678273	0.004339118600556887	0.0001009097348966718	0.00048773038533391367	1.68182891494453e-05	0.0	3.36365782988906e-05	0.0001009097348966718	3.36365782988906e-05	3.700023612877966e-05	2.354560480922342e-05	4.036389395866872e-05	0.0001615187500386972	0.00013584376228537026	0.0010197655451849815	1.774342020748446e-05	9.570710563049689e-05	0.00019355273516531515	0.0005929909547316097	0.0033188062063130874	2.554461241389486e-05	0.0009570908571635257	0.0	3.279664628054465e-05	2.973779590593816e-05	1.2158421311669945e-05	1.506023642763963e-05	0.0	0.0	0.002106584762651095	3.843318659542691e-05	0.0	0.0	0.0031829554411366835	0.002410760759389639	0.0	0.0
Sin-APnd_002-Ex1-3G-lcwgs-1-1.clmp.fp2_repr.R1	0.0	0.0	0.0	0.0	0.0	0.0	0.0	0.0	0.0	3.593491980680588e-05	0.002447567315730223	1.1407911049779647e-05	2.224542654707031e-05	1.7118957024575991e-06	1.8454530850300814e-05	5.891939751003798e-07	2.4293977535116034e-06	6.319024361848365e-06	2.726880878722864e-05	1.2811246292772293e-05	2.3371570261016812e-06	7.172799896053884e-05	0.0	0.0	1.41036514579283e-06	0.0	4.2247634127207925e-06	0.0007805182229646288	0.0015760749303847703	0.0	0.0	0.0	9.06252033403e-06	0.0	0.0	0.0	0.0	0.0
Sin-APnd_002-Ex1-3G-lcwgs-1-1.clmp.fp2_repr.R2	0.0	0.0004734283085658553	0.0011693108826024137	9.126328839823717e-05	0.000193934487846254	2.8519777624449117e-06	2.8519777624449117e-06	1.1407911049779647e-05	2.5667799862004203e-05	1.3119097707246595e-05	1.3689493259735575e-05	1.0837515497290663e-05	3.251254649187199e-05	0.00012783192001734816	0.00010165495009616991	0.0009360456335010589	1.585218215713251e-05	5.2678932865212675e-05	9.688992171615066e-05	0.0004312750634376652	0.002681930728587397	3.69352715697501e-05	0.0008496734386347788	3.564112636223949e-06	2.554373312747733e-05	3.4462693608612603e-06	2.1273192486504127e-05	5.311936569527991e-06	0.0	4.237326020160604e-06	0.0016213802550690561	2.074163944268874e-05	0.0	0.0	0.0027848938833686444	0.002662650935271156	0.0	0.0
Sin-APnd_003-Ex1-3H-lcwgs-1-1.clmp.fp2_repr.R1	0.0	0.0	0.0	0.0	0.0	0.0	0.0	0.0	0.0	8.700138419202249e-06	0.002366437650023012	0.0	8.700138419202249e-06	0.0	0.0	0.0	0.0	9.261060878602403e-06	9.626054726816417e-06	1.0176075618824967e-05	0.0	1.2245740166211432e-05	0.0	0.0	1.92367918263641e-05	0.0	0.0	0.0007378149855142324	0.0018010672861166704	0.0	0.0	0.0	0.0	0.0	0.0	0.0	0.0	0.0
Sin-APnd_003-Ex1-3H-lcwgs-1-1.clmp.fp2_repr.R2	0.0	0.00034800553676808996	0.0003915062288641012	4.3500692096011245e-05	8.700138419202249e-05	0.0	0.0	0.0	4.3500692096011245e-05	8.700138419202249e-06	8.700138419202249e-06	0.0	2.6100415257606747e-05	4.351352953119655e-05	5.25713708931245e-05	0.0009674406517319274	9.047973168054611e-06	5.579027246388347e-05	9.66674477396444e-06	0.00030661619491550627	0.002788627666528379	2.461151341364398e-05	0.000771413275405339	0.0	1.934874447931948e-05	2.3303950159375716e-05	2.8548834208355102e-05	3.537966985107282e-05	0.0	0.0	0.001770604704000929	0.0	0.0	0.0	0.002934019763557127	0.002818626508926078	0.0	0.0
Sin-APnd_004-Ex1-4A-lcwgs-1-1.clmp.fp2_repr.R1	0.0	0.0	0.0	0.0	0.0	0.0	0.0	0.0	0.0	8.638869798261469e-05	0.0037957034176111324	2.159717449565367e-05	3.644523196141557e-05	8.102887330202477e-06	2.871483279045207e-05	0.0	2.9085502783417175e-06	1.2193780821209984e-05	8.243200935134575e-05	4.175383577266491e-05	2.4807872568446827e-05	8.973455876556014e-05	4.868652992697702e-06	0.0	1.3229344949315568e-05	0.0	3.3049497949798e-05	0.0010587900319210888	0.002094311394966186	0.0	0.0	1.3507013719479045e-05	6.842069972481195e-05	0.0	0.0	0.0	0.0	0.0
Sin-APnd_004-Ex1-4A-lcwgs-1-1.clmp.fp2_repr.R2	0.0	0.0010596113736930082	0.004980848368060128	0.00022272086198642845	0.0005804240645706924	6.749117029891772e-06	6.749117029891772e-06	2.0247351089675315e-05	8.098940435870126e-05	4.319434899130734e-05	4.589399580326405e-05	4.319434899130734e-05	6.209187667500429e-05	0.00025121716743567484	0.00016168395538586108	0.0014292110231342939	3.0698432761683195e-05	0.00011804973377025431	0.000263440943971998	0.0007475481034949713	0.0037340881313564613	4.947338272856246e-05	0.0010319859763646287	2.5555921510041477e-05	2.9992884687989184e-05	2.376742716887874e-05	7.62017504208837e-05	1.7322170310885608e-05	0.0	8.720170259580283e-06	0.0018935106900039515	5.373429145157277e-05	0.0	0.0	0.004121329822846632	0.003156046346876353	0.0	0.0
Sin-APnd_005-Ex1-4B-lcwgs-1-1.clmp.fp2_repr.R1	0.0	0.0	0.0	0.0	0.0	0.0	0.0	0.0	0.0	7.039087734229644e-05	0.003015837718860207	1.73691775260212e-05	2.9253351622772548e-05	6.403045420121601e-06	2.323036060944089e-05	0.0	1.0034426310474502e-05	4.25232569259861e-06	6.277057183659972e-05	3.858612953114741e-05	1.800083476794217e-05	9.285783636802972e-05	3.646909371038146e-06	0.0	5.148437033624005e-06	0.0	7.650277070084647e-06	0.0009234604706352356	0.002090045680819947	0.0	0.0	0.0	4.719498197780955e-05	2.0684320044347185e-05	0.0	0.0	0.0	0.0
Sin-APnd_005-Ex1-4B-lcwgs-1-1.clmp.fp2_repr.R2	0.0	0.0008410338591547107	0.003711518987139267	0.00021482930097973588	0.0005210753257806359	0.0	1.371250857317463e-05	3.6566689528465685e-05	7.313337905693137e-05	4.113752571952389e-05	4.388002743415882e-05	3.565252229025404e-05	4.845086362521703e-05	0.00021223257323578926	0.00015820243617234306	0.0011188699886445761	2.0144690447822914e-05	6.085308531067694e-05	0.0002269815697385053	0.0007027991376679592	0.0031364669244673643	3.164119342291599e-05	0.0009772898019240763	2.596306416602549e-05	4.6635376747000076e-05	3.4556793571883485e-05	4.240586678227791e-05	4.774868073976268e-06	0.0	1.5050590679244444e-05	0.0017656417005248348	7.285582572789346e-05	0.0	0.0	0.003911595874501593	0.003052520270227675	0.0	0.0
Sin-APnd_006-Ex1-4C-lcwgs-1-1.clmp.fp2_repr.R1	0.0	0.0	0.0	0.0	3.2586863870201044e-06	0.0	0.0	0.0	0.0	6.84324141274222e-05	0.003658853075346174	1.0427796438464334e-05	3.7149024812029194e-05	3.259556105826574e-06	2.6913960185154654e-05	0.0	5.451763555896969e-06	7.74492765149763e-06	9.068479717740545e-05	4.488408661009739e-05	2.93428977371534e-05	7.774072169102473e-05	5.597800727093858e-06	0.0	2.35086459784731e-05	0.0	1.3851839067117425e-05	0.0012393976072803809	0.002318778054082163	0.0	0.0	1.419776420708149e-05	6.390648472794781e-05	1.192007068125111e-05	0.0	0.0	0.0	0.0
Sin-APnd_006-Ex1-4C-lcwgs-1-1.clmp.fp2_repr.R2	0.0	0.001023227525524313	0.004435072172734362	0.0002118146151563068	0.000560494058567458	0.0	6.517372774040209e-06	6.517372774040209e-06	7.16911005144423e-05	4.171118575385734e-05	4.431813486347342e-05	2.5417753818756816e-05	5.995982952116993e-05	0.00023406054684745642	0.0001664084649684036	0.0012811506498095057	3.0131733473422152e-05	8.991277307013613e-05	0.00026177716751809877	0.0007962356576764715	0.0037447823546133425	3.914093131677559e-05	0.0011391030459006423	2.517736192608833e-05	3.3192780348988894e-05	1.718365933280815e-05	7.92879808725675e-05	1.1491893733079623e-05	0.0	4.463033873132817e-06	0.00221445887645888	4.9703942019641574e-05	0.0	1.1528875278667327e-05	0.0036132335567516083	0.0030808248699397455	0.0	0.0
Sin-APnd_007-Ex1-4D-lcwgs-1-1.clmp.fp2_repr.R1	0.0	0.0	0.0	0.0	0.0	0.0	0.0	0.0	4.766929786890113e-06	6.483024510170555e-05	0.0032005166589180226	1.5254175318048363e-05	3.622866638036486e-05	3.815028859834944e-06	2.6985069671739444e-05	0.0	3.0647058079587096e-06	9.647026243062744e-06	6.846362301208882e-05	3.954289940574313e-05	2.3224100824291644e-05	6.940726014748025e-05	0.0	0.0	1.4690528590192574e-05	0.0	1.7687729155586044e-05	0.0009837500881276122	0.0019604120031617355	0.0	0.0	0.0	5.407955183193806e-05	1.7678279705387933e-05	0.0	0.0	0.0	0.0
Sin-APnd_007-Ex1-4D-lcwgs-1-1.clmp.fp2_repr.R2	0.0	0.0009772206063124733	0.004438011631594696	0.00022881262977072545	0.0006197008722957148	9.533859573780227e-06	1.4300789360670341e-05	9.533859573780227e-06	8.580473616402204e-05	3.718205233774289e-05	4.004221020987695e-05	2.8601578721340682e-05	5.05294557410352e-05	0.00020316738913498956	0.00014769391445952672	0.0011623445667093535	1.230852171269387e-05	8.399129837227126e-05	0.00026485649444520255	0.0006507596339561509	0.0033055134618718016	5.5830241203856326e-05	0.0009164486104383604	1.6663087227241665e-05	2.9575948188262445e-05	3.538440094607273e-05	4.279032118593375e-05	1.3051523674028277e-05	0.0	6.652344612206227e-06	0.0017656625932053304	2.0938920018664956e-05	0.0	0.0	0.0036669633507626196	0.002987995518565226	0.0	0.0
Sin-APnd_008-Ex1-4E-lcwgs-1-1.clmp.fp2_repr.R1	0.0	0.0	0.0	0.0	8.017942230405511e-06	0.0	0.0	0.0	0.0	7.697224541189292e-05	0.0035230838160401822	1.282870756864882e-05	4.3296888044189766e-05	4.812426995482478e-06	3.5607250089301366e-05	0.0	3.3989613861671517e-06	5.318327801445124e-06	6.569901774524838e-05	4.452931552066256e-05	2.2297419029152536e-05	7.780738390567314e-05	0.0	0.0	1.9782163562568252e-05	0.0	1.1374647798249236e-05	0.001028813332868411	0.002426369205638003	0.0	0.0	0.0	4.1299974517915724e-05	2.6556580787110497e-05	0.0	0.0	0.0	0.0
Sin-APnd_008-Ex1-4E-lcwgs-1-1.clmp.fp2_repr.R2	0.0	0.0012187272190216378	0.004955088298390606	0.0002645920936033819	0.0005532380138979803	0.0	8.017942230405511e-06	8.017942230405511e-06	6.414353784324409e-05	6.2539949397163e-05	4.810765338243307e-05	3.046818047554095e-05	7.21614800736496e-05	0.0001989320461445983	0.00018482756366531346	0.0013108449713305625	2.901530470277157e-05	9.975421274509699e-05	0.00028298978938881114	0.0007385647290539686	0.003461507842232095	3.786467372603863e-05	0.0009953678934710984	1.3490783366619592e-05	2.7885121108865383e-05	3.329087320248308e-05	6.880187159437902e-05	0.0	0.0	5.265285069905084e-05	0.0018677812052361091	1.624022541432875e-05	0.0	0.0	0.0034640243431103284	0.0029082871642746003	5.0585962496579126e-05	0.0
Sin-APnd_009-Ex1-4F-lcwgs-1-1.clmp.fp2_repr.R1	0.0	0.0	0.0	0.0	0.0	0.0	0.0	0.0	0.0	6.325223269349042e-05	0.0030449330622215154	1.6180803712288248e-05	3.089062526891393e-05	2.9431599872926125e-06	3.122502787688709e-05	0.0	3.1344660384601177e-06	1.6370214362227498e-06	4.3372294434104584e-05	3.7466636428593294e-05	1.863710148674164e-05	7.039449969291572e-05	0.0	0.0	7.673802612454015e-06	0.0	1.7148606335621207e-05	0.0009356029454198302	0.001695016783772211	0.0	0.0	0.0	7.207653951884585e-05	0.0	0.0	0.0	0.0	0.0
Sin-APnd_009-Ex1-4F-lcwgs-1-1.clmp.fp2_repr.R2	0.0	0.0010370424197421104	0.0036406808352648554	0.00021329241257107235	0.00044129464669877033	7.354910778312839e-06	1.4709821556625679e-05	3.67745538915642e-05	5.1484375448189875e-05	5.1484375448189875e-05	3.67745538915642e-05	2.6477678801926222e-05	4.7071428981202175e-05	0.0001810201891669807	0.00014447094071284942	0.0010695157347017771	9.442028517853152e-06	7.729373771399594e-05	0.00022837423675717508	0.0006213562165145487	0.0031729391099451923	3.5397850005386376e-05	0.0009234872254667832	1.61204047214602e-05	2.318126820622999e-05	2.8151422749446237e-05	4.034822361469706e-05	7.150596642208528e-06	0.0	0.0	0.0015989920875821265	7.36558588356003e-05	0.0	0.0	0.004113227981451338	0.0023469060997654135	0.0	0.0
Sin-APnd_010-Ex1-4G-lcwgs-1-1.clmp.fp2_repr.R1	0.0	0.0	0.0	1.0856353507188426e-05	1.0856353507188426e-05	0.0	0.0	0.0	0.0	9.44502755125393e-05	0.0034338646143236996	2.6055248417252223e-05	2.8226519118689906e-05	6.516527679087078e-06	2.9635208691414007e-05	1.1212774723212376e-06	4.626686971036662e-06	8.439890161822597e-06	6.998530715736937e-05	5.5950784161839586e-05	7.468633048208309e-06	6.851917904464243e-05	7.626561161836429e-06	0.0	2.6068740819078274e-05	0.0	1.500803098498045e-05	0.0010602739702237594	0.0019095643789411442	0.0	0.0	1.0989306854964777e-05	7.013724456015531e-05	1.8225639246070915e-05	0.0	0.0	0.0	0.0
Sin-APnd_010-Ex1-4G-lcwgs-1-1.clmp.fp2_repr.R2	0.0	0.0011019198809796252	0.004782223719916502	0.000255124307418928	0.0005482458521130155	5.428176753594213e-06	5.428176753594213e-06	5.428176753594213e-06	4.8853590782347916e-05	4.016850797659718e-05	5.1024861483785605e-05	3.691160192444064e-05	4.8853590782347916e-05	0.0002042021611388146	0.00016271216553236315	0.0012338577911297861	2.2064479003766943e-05	7.629555113859483e-05	0.0002697199889790623	0.0006293177332002671	0.0031896582184403437	3.69532489666024e-05	0.0009277148722776217	8.905360044931103e-06	2.622381908963435e-05	9.386945474800776e-06	8.312677903114908e-05	4.603548396689975e-06	0.0	0.0	0.001818381299696776	7.648991704449953e-05	0.0	0.0	0.003398626954710297	0.0030110402916959486	0.0	0.0
Sin-APnd_011-Ex1-4H-lcwgs-1-1.clmp.fp2_repr.R1	0.0	0.0	0.0	0.0	0.0	0.0	0.0	0.0	0.0	3.100893359216545e-05	0.0031155818014444127	1.6320491364297601e-06	3.4273031865024964e-05	4.89861059891148e-06	1.8192863806170715e-05	0.0	0.0	3.713698642193789e-06	1.388859981862679e-05	6.4754298125896205e-06	7.197371577478877e-06	0.00010637940952881286	3.1605399757264205e-06	0.0	4.451966288820868e-06	0.0	2.626967582300596e-05	0.0009532081431763869	0.0020118754703134264	0.0	0.0	0.0	0.0	0.0	0.0	0.0	0.0	0.0
Sin-APnd_011-Ex1-4H-lcwgs-1-1.clmp.fp2_repr.R2	0.0	0.0002774483531930593	0.0005712171977504161	5.712171977504161e-05	0.00012240368523223203	0.0	0.0	1.63204913642976e-05	0.00010608319386793442	1.9584589637157125e-05	9.792294818578562e-06	1.7952540500727363e-05	5.2225572365752323e-05	0.0001469713131592888	0.00016400794871978375	0.0012278942002759135	1.9481401548700583e-05	4.663788251178651e-05	9.171636713463614e-05	0.0006486837360885542	0.00317655165563826	3.840013832826973e-05	0.00106815584546379	0.0	4.482044615527075e-06	5.419627973973429e-06	4.6335292102645914e-05	0.0	0.0	0.0	0.0021093141014258965	9.851376227407593e-05	0.0	0.0	0.003274931699918403	0.0031858167438563517	0.0	0.0
Sin-APnd_012-Ex1-5A-lcwgs-1-1.clmp.fp2_repr.R1	0.0	0.0	0.0	0.0	0.0	0.0	0.0	0.0	0.0	0.00013855380996998578	0.002944268461862198	2.5978839369372335e-05	0.0	0.0	2.6242423484309784e-05	0.0	0.0	9.623961045285356e-06	7.131332763573805e-05	5.4860557629040816e-05	2.4124067182632214e-05	4.0676068804383904e-05	0.0	0.0	0.0	0.0	3.074805718400683e-05	0.000825900541302723	0.0019435590453237969	0.0	0.0	0.0	0.00023713596664919764	0.0	0.0	0.0	0.0	0.0
Sin-APnd_012-Ex1-5A-lcwgs-1-1.clmp.fp2_repr.R2	0.0	0.0009958555091592728	0.0046328930208714	0.0003030864593093439	0.0006061729186186878	0.0	8.659613123124112e-05	0.0	8.659613123124112e-05	5.195767873874467e-05	5.195767873874467e-05	6.0617291861868785e-05	4.329806561562056e-05	0.00015594641888975506	0.00015774197619147773	0.001191793222262984	5.5535922578481055e-05	6.770387716891789e-05	0.00022529693367801033	0.00043023596898462	0.00331155671429041	4.091221139503276e-05	0.0009217067885110968	1.8189156679758616e-05	8.581943290947831e-05	0.0	9.296358616329983e-05	0.0	0.0	0.0	0.0018204126511397604	9.157140188490573e-05	0.0	0.0	0.0025006011060351046	0.001495998204802154	0.0	0.0
Sin-APnd_013-Ex1-5B-lcwgs-1-1.clmp.fp2_repr.R1	0.0	0.0	0.0	5.272300341017659e-06	0.0	0.0	0.0	0.0	0.0	6.115868395580483e-05	0.0031665435848152053	1.5816901023052974e-05	3.690610238712361e-05	4.2197831430233995e-06	3.844927700353335e-05	0.0	8.006995735050844e-06	1.2109660825838178e-05	6.649457609609953e-05	4.008996876246905e-05	3.700808729686462e-05	7.76714096589687e-05	0.0	0.0	3.102877068292525e-05	0.0	3.249093166493328e-05	0.0009489534912142723	0.0018403578690898814	0.0	0.0	0.0	3.855878817440525e-05	2.5513627593906736e-05	0.0	0.0	0.0	0.0
Sin-APnd_013-Ex1-5B-lcwgs-1-1.clmp.fp2_repr.R2	0.0	0.0009015633583140196	0.0042547463752012505	0.00023198121500477698	0.0005272300341017659	0.0	5.272300341017659e-06	5.272300341017659e-06	6.853990443322955e-05	3.796056245532714e-05	4.0069482591734205e-05	3.690610238712361e-05	5.9049763819397776e-05	0.0002679798636554325	0.0001658122096066588	0.0011238343369562884	1.8375331090448077e-05	7.906644953641029e-05	0.0003104542278075922	0.0007265489772420401	0.0032762567153155754	3.532018941436821e-05	0.0011168151653485128	1.5547092064126778e-05	3.4345975504075586e-05	2.2815981956513044e-05	7.482974712549711e-05	1.1593264684202948e-05	0.0	0.0	0.0019668390928938104	7.356567531524363e-05	0.0	2.4255589882605372e-05	0.003770215423825625	0.002368201424513988	0.0	0.0
Sin-APnd_014-Ex1-5C-lcwgs-1-1.clmp.fp2_repr.R1	0.0	0.0	0.0	0.0	0.0	0.0	0.0	0.0	0.0	8.222876499247379e-05	0.0029739403338944685	1.2182039258144264e-05	3.8068872681700824e-05	3.046916016726472e-06	3.8564580052933744e-05	1.5857618125815706e-06	0.0	7.017371749373586e-06	6.436444024451747e-05	5.007082413760047e-05	1.4137134016990998e-05	0.00010086539235329101	0.0	0.0	9.417452403960114e-06	0.0	2.175663033309401e-05	0.0009505083986099545	0.001954740997399613	0.0	0.0	0.0	0.0	0.0	0.0	0.0	0.0	0.0
Sin-APnd_014-Ex1-5C-lcwgs-1-1.clmp.fp2_repr.R2	0.0	0.0008908116207517994	0.0038297285917791033	0.00025886833423556565	0.00045682647218040986	0.0	0.0	7.613774536340165e-06	4.5682647218040996e-05	3.959162758896886e-05	3.045509814536066e-05	2.893234323809263e-05	5.329642175438116e-05	0.00021177883403106077	0.00015296811212828383	0.0010372054338556357	2.99109078683385e-05	7.403180674342332e-05	0.000262554085428136	0.000650154463068154	0.003487536629203921	5.483511956907492e-05	0.0009744513110708223	1.9450922249917743e-05	2.3701666554241763e-05	2.3406450794432493e-05	2.1927115729124108e-05	0.0	0.0	0.0	0.0019484248057079494	2.5275828800745334e-05	3.3010937513926494e-05	4.342130344673964e-05	0.0035657123401827604	0.0021349453187130244	0.0	0.0
Sin-APnd_015-Ex1-5D-lcwgs-1-1.clmp.fp2_repr.R1	0.0	0.0	0.0	1.132692297454512e-05	0.0	0.0	0.0	0.0	0.0	5.663461487272559e-05	0.002856649974180279	1.132692297454512e-05	4.530769189818048e-05	9.064695022981608e-06	2.973598992837446e-05	0.0	2.415595587557151e-06	2.535617630686937e-06	5.956109967116858e-05	2.3613001791046185e-05	6.593525566692093e-06	9.44087227013402e-05	4.420085647115567e-06	0.0	1.2777504232707996e-05	0.0	2.929218939392312e-05	0.001104856938826895	0.0019016035505743933	0.0	0.0	3.390405153415833e-05	8.983083506295121e-05	0.0	0.0	0.0	0.0	0.0
Sin-APnd_015-Ex1-5D-lcwgs-1-1.clmp.fp2_repr.R2	0.0	0.0007475769163199778	0.0037718653505235244	0.00021521153651635726	0.0004870576879054402	0.0	0.0	3.398076892363536e-05	2.265384594909024e-05	2.9449999733817312e-05	4.077692270836243e-05	3.6246153518544385e-05	6.569615325236169e-05	0.00020850580389503346	0.00015809141051562203	0.0009981953752342947	1.9405773387383264e-05	7.133366489900146e-05	0.0002666439203077506	0.0006319627722302029	0.003125620338686651	4.557350438487371e-05	0.0008581583042400624	5.307573062856579e-06	1.929406117220683e-05	3.951048094528035e-05	5.9038272445686995e-05	0.0	0.0	0.0	0.0016657344626665963	0.0	0.0	0.0	0.004012314719793829	0.0025744399305930995	0.0	0.0
Sin-APnd_016-Ex1-5E-lcwgs-1-1.clmp.fp2_repr.R1	0.0	0.0	0.0	0.0	1.2997441323701016e-05	0.0	0.0	0.0	0.0	8.83826010011669e-05	0.0027112662601240316	1.5596929588441218e-05	3.639283570636284e-05	1.3005211838644337e-05	4.2281090184085525e-05	0.0	5.766242524931503e-06	3.0945382359442436e-06	6.433976162050593e-05	4.920526122335104e-05	1.7323713994663516e-05	5.579837146873032e-05	0.0	0.0	9.02145862190724e-06	0.0	1.4062618873075162e-05	0.0009789528692930609	0.001955411613007671	0.0	0.0	0.0	6.626861319673163e-05	0.0	0.0	0.0	0.0	0.0
Sin-APnd_016-Ex1-5E-lcwgs-1-1.clmp.fp2_repr.R2	0.0	0.0009878055406012773	0.0036652784532836867	0.0002469513851503193	0.0006368746248613498	0.0	2.599488264740203e-05	2.599488264740203e-05	6.498720661850508e-05	5.9788230089024674e-05	4.939027703006386e-05	4.159181223584325e-05	5.4589253559544274e-05	0.0002237097882631076	0.0001588024852800683	0.0011880983930955514	4.0522180394327124e-05	7.459817228261394e-05	0.00025175417375249766	0.0006009105696746297	0.0032426708674270794	4.078979027470445e-05	0.0010830180158830068	7.383184001053729e-06	3.630208782382596e-05	3.38337304473462e-05	5.6649809571665124e-05	1.7930800022090746e-05	0.0	0.0	0.001453480588766737	0.0	0.0	0.0	0.0033666973036121295	0.00222497459820667	0.0	0.0
Sin-APnd_017-Ex1-5F-lcwgs-1-1.clmp.fp2_repr.R1	0.0	0.0	0.0	0.0	0.0	0.0	0.0	0.0	0.0	9.115077228527624e-05	0.0030059038769530864	1.6572867688232042e-05	3.521734383749309e-05	8.290229837710254e-06	3.566705459134336e-05	0.0	0.0	4.757208943609901e-06	5.8966685745380575e-05	3.9481384935917055e-05	1.5873552046329438e-05	0.00010249478530325809	4.3026097737739415e-06	0.0	1.2467611483044205e-05	0.0	1.895081826790658e-05	0.00109019606820788	0.0019422697663300068	0.0	0.0	0.0	8.271688574233856e-05	0.0	0.0	0.0	0.0	0.0
Sin-APnd_017-Ex1-5F-lcwgs-1-1.clmp.fp2_repr.R2	0.0	0.001191174865091678	0.0035631665529698886	0.00022787693071319058	0.0005696923267829764	2.071608461029005e-05	1.0358042305145025e-05	1.0358042305145025e-05	6.214825383087016e-05	5.386181998675414e-05	4.764699460366712e-05	4.14321692205801e-05	6.007664536984115e-05	0.00020727343629862373	0.00016391518565969085	0.0011003092020177207	2.0296358404823496e-05	0.00010991396484401834	0.0002910826220506214	0.0007198565048245973	0.003299754659730672	4.048610264839105e-05	0.0010384783038949255	4.1404819997203106e-05	4.392021002895409e-05	3.078955898344268e-05	3.819007313971857e-05	0.0	0.0	0.0	0.0016669477598183222	0.0	0.0	0.0	0.0029046667621057177	0.0022658001038642767	0.0	0.0
Sin-APnd_018-Ex1-5G-lcwgs-1-1.clmp.fp2_repr.R1	0.0	0.0	0.0	0.0	5.740474744149911e-06	0.0	0.0	0.0	0.0	7.003379187862891e-05	0.002894347366000385	1.4925234334789768e-05	3.21466585672395e-05	4.594237305726072e-06	3.018103560233895e-05	0.0	2.461823730097463e-06	1.2933981144712946e-05	7.461991517097494e-05	6.332557037228153e-05	2.1932274553341636e-05	6.586990430420303e-05	2.2749290938725375e-06	0.0	3.3097480685965146e-06	0.0	2.034560364821088e-05	0.000769487807754244	0.0017303070046173895	0.0	0.0	0.0	4.718315391545864e-05	3.1868619703156555e-05	0.0	0.0	0.0	0.0
Sin-APnd_018-Ex1-5G-lcwgs-1-1.clmp.fp2_repr.R2	0.0	0.0009299569085522855	0.0038518585533245907	0.00020091661604524686	0.00043053560581124336	0.0	5.740474744149911e-06	1.7221424232449734e-05	8.036664641809876e-05	4.47757030043693e-05	4.5923797953199285e-05	3.21466585672395e-05	5.740474744149911e-05	0.00019756760507871418	0.00015926350787920168	0.0010934864833814176	2.5942064772666167e-05	7.402023313204851e-05	0.000219247502330372	0.0006162994269111884	0.003065666318337604	4.866262834330262e-05	0.0009556026330830409	8.214361090827725e-06	3.6608752839965605e-05	2.4603513357103884e-05	8.705119157975331e-05	6.457226941307165e-06	0.0	1.0536976991878519e-05	0.0018779220058166592	5.294988205413772e-05	0.0	0.0	0.0030975245549219265	0.0029957690112303887	0.0	0.0
Sin-APnd_019-Ex1-5H-lcwgs-1-1.clmp.fp2_repr.R1	0.0	0.0	0.0	7.75708351656211e-06	0.0	0.0	0.0	0.0	0.0	2.79255006596236e-05	0.002974065820249913	1.5514167033124222e-06	3.723400087949813e-05	3.1040194957256484e-06	1.410882810067207e-05	0.0	0.0	6.951737976204479e-06	1.667144457919088e-05	8.053917271329607e-06	0.0	6.64420278740662e-05	0.0	0.0	4.252883423064212e-06	0.0	3.849390788998082e-05	0.0009134107446268613	0.0017996998747691986	0.0	0.0	0.0	0.0	0.0	0.0	0.0	0.0	0.0
Sin-APnd_019-Ex1-5H-lcwgs-1-1.clmp.fp2_repr.R2	0.0	0.0003257975076956086	0.0006205666813249688	6.9813751649059e-05	0.00012411333626499376	0.0	0.0	1.551416703312422e-05	8.532791868218321e-05	1.8617000439749065e-05	1.551416703312422e-05	1.39627503298118e-05	4.033683428612297e-05	0.0001396923570741529	0.0001601552312429569	0.0011489898145829337	3.1608598510343316e-05	4.1895082145782314e-05	0.00010234875124846867	0.0005988001541910397	0.003242768951766379	3.5961740099212794e-05	0.0009572290611751632	7.102214719126939e-06	8.558530743333643e-06	1.0454341499846739e-05	4.524641780878321e-05	8.074548755861416e-06	0.0	1.2968399123751207e-05	0.001680025363392813	4.281312179369855e-05	0.0	0.0	0.0034215507323306603	0.002567323358760271	0.0	0.0
Sin-APnd_020-Ex1-6A-lcwgs-1-1.clmp.fp2_repr.R1	0.0	0.0	0.0	8.27785446290176e-06	0.0	8.27785446290176e-06	0.0	0.0	0.0	7.284511927353549e-05	0.0034882878706668017	1.4900138033223169e-05	4.1389272314508806e-05	8.281132935834537e-06	3.0121758674945175e-05	0.0	5.314953797903878e-06	1.8617816296964002e-05	9.5546195699828e-05	4.5622945473845345e-05	2.9139249162653322e-05	9.17284126284229e-05	0.0	0.0	2.3155865698016667e-05	0.0	4.878612115698656e-05	0.0010501243442689464	0.0020938094234292256	0.0	0.0	0.0	8.946896589979834e-05	3.980522507267439e-05	0.0	0.0	0.0	0.0
Sin-APnd_020-Ex1-6A-lcwgs-1-1.clmp.fp2_repr.R2	0.0	0.0010016203900111132	0.004147205085913782	0.00022350207049834755	0.0005297826856257127	0.0	8.27785446290176e-06	8.27785446290176e-06	4.1389272314508806e-05	4.966712677741056e-05	5.628941034773197e-05	4.1389272314508806e-05	4.966712677741056e-05	0.0002584011985707697	0.00020125454030242923	0.0013523096572608119	2.3160125347586716e-05	8.055989652662072e-05	0.00025046228324543174	0.0007196223404458925	0.0034821255696539798	4.4792424346855066e-05	0.0008464224338154848	1.1635593233157857e-05	3.267111015545521e-05	2.2767859023238356e-05	2.1092298421431295e-05	0.0	0.0	1.3939347390421743e-05	0.0014575054509815145	9.094795048793575e-05	0.0	3.801998026002625e-05	0.003677897673928526	0.0024777540072780766	0.0	0.0
Sin-APnd_021-Ex1-6B-lcwgs-1-1.clmp.fp2_repr.R1	0.0	0.0	0.0	1.2849496672365846e-05	6.424748336182923e-06	0.0	0.0	0.0	0.0	8.48066780376146e-05	0.0038085908136892372	1.2849496672365846e-05	2.3129094010258523e-05	5.141923119868023e-06	2.7276782302948337e-05	0.0	1.366046261730393e-06	4.2640645336034444e-06	7.629137969639262e-05	3.353653492472389e-05	1.7363226952951088e-05	5.583137001037213e-05	2.1723162493621806e-06	0.0	1.4490005142213026e-05	0.0	2.8449537977471136e-05	0.0010854444780236854	0.0020788755065402906	0.0	0.0	1.1295058671617518e-05	2.865712565877359e-05	0.0	0.0	0.0	0.0	0.0
Sin-APnd_021-Ex1-6B-lcwgs-1-1.clmp.fp2_repr.R2	0.0	0.0010986319654872798	0.005024153198895046	0.00028911367512823155	0.0005461036085755485	0.0	0.0	3.212374168091461e-05	8.352172837037801e-05	4.368828868604388e-05	5.1397986689463386e-05	3.854849001709754e-05	5.268293635669997e-05	0.00022883913877444324	0.0001288365524447341	0.0013095034229940392	2.882354161938233e-05	0.00011145864137774885	0.0002557216093018164	0.0006697584666263773	0.0036138178210683687	4.261518132904934e-05	0.0009269367266213276	1.2541317999214311e-05	2.334699755276772e-05	4.1246137943652484e-05	6.146300639985603e-05	0.0	0.0	7.3377665673010785e-06	0.0018120091267275695	7.867582738028939e-05	0.0	1.772712075750114e-05	0.003083470213902805	0.002725334219210393	0.0	0.0
Sin-APnd_022-Ex1-6C-lcwgs-1-1.clmp.fp2_repr.R1	0.0	0.0	0.0	0.0	0.0	0.0	0.0	0.0	0.0	7.71702323048035e-05	0.003462703004386505	1.991489865930413e-05	2.7382985656543177e-05	0.0	2.0085161082991884e-05	0.0	7.882850126444857e-06	8.200117863027417e-06	4.8986650619024125e-05	4.014812062323719e-05	1.6881141000371687e-05	0.0001017749628917177	0.0	0.0	5.83493925448965e-06	0.0	1.6814016298498557e-05	0.000872682949766932	0.001698683900279649	0.0	0.0	0.0	9.842887824544618e-05	0.0	0.0	0.0	0.0	0.0
Sin-APnd_022-Ex1-6C-lcwgs-1-1.clmp.fp2_repr.R2	0.0	0.0011451066729099874	0.004393724516708973	0.00016180855160684605	0.0005352129014687985	0.0	0.0	1.2446811662065081e-05	6.22340583103254e-05	2.987234798895619e-05	3.982979731860826e-05	3.485107265378223e-05	3.2361710321369206e-05	0.00023907785281391148	0.0001458948386984148	0.0012671436000231983	1.0560647063518359e-05	7.969547534434971e-05	0.00020863843081645258	0.000698903101092078	0.0032946483871422443	5.3100405622619894e-05	0.001044595103067652	9.998307286576382e-06	5.289010951426076e-05	3.5046190177730446e-05	8.47705760652313e-05	0.0	0.0	0.0	0.0019258491891573084	5.062397850303377e-05	0.0	0.0	0.0030893081707407365	0.002550478800695936	0.0	0.0
Sin-APnd_023-Ex1-6D-lcwgs-1-1.clmp.fp2_repr.R1	0.0	0.0	0.0	1.6701609216749644e-05	0.0	0.0	0.0	0.0	0.0	5.511531041527382e-05	0.0038564015681474923	2.0041931060099573e-05	3.0062896590149358e-05	6.682364320063667e-06	2.6906658816200514e-05	1.705481114431626e-06	1.7444015612393974e-06	7.214435161310081e-06	7.559252206266972e-05	4.2309193044215546e-05	2.4137236426863956e-05	9.775472547564883e-05	5.550631220557717e-06	0.0	2.2555989039894553e-05	0.0	2.1441453147315865e-05	0.001072854074030052	0.0022991433741830383	0.0	0.0	4.625755559348675e-05	1.9677106552319066e-05	0.0	0.0	0.0	0.0	0.0
Sin-APnd_023-Ex1-6D-lcwgs-1-1.clmp.fp2_repr.R2	0.0	0.0011524110359557255	0.004768309431382023	0.0002755765520763691	0.00040083862120199147	0.0	1.6701609216749644e-05	2.5052413825124467e-05	0.00012526206912562233	2.8392735668474393e-05	4.8434666728573966e-05	2.672257474679943e-05	5.845563225862375e-05	0.0001837860105296686	0.00015168598977636428	0.0013102377076067366	2.9819100323012773e-05	8.529835331347442e-05	0.0002301648804191679	0.0007363358730159374	0.0036176896315777587	5.9089165624789263e-05	0.0010431318520898322	2.2629647838713457e-05	1.8955475218881716e-05	1.801257367705527e-05	5.953387680546629e-05	1.3133543246755048e-05	0.0	9.904411533845701e-06	0.0022152098523673396	3.075671042218813e-05	0.0	2.4575398551526008e-05	0.0034219965309117734	0.002496318936149396	0.0	0.0
Sin-APnd_024-Ex1-6E-lcwgs-1-1.clmp.fp2_repr.R1	0.0	0.0	0.0	0.0	0.0	0.0	0.0	0.0	0.0	6.229257437906416e-05	0.003343034825009776	0.0	2.7685588612917403e-05	0.0	2.093113113646693e-05	0.0	0.0	0.0	5.6399020816314594e-05	6.105436350302724e-05	2.9069939269989873e-05	0.00012158558658137254	0.0	0.0	0.0	0.0	2.8113183677485554e-05	0.0008087263684880826	0.0015987437426946292	0.0	0.0	0.0	0.0	0.0	0.0	0.0	0.0	0.0
Sin-APnd_024-Ex1-6E-lcwgs-1-1.clmp.fp2_repr.R2	0.0	0.0006229257437906416	0.0033914846050823824	0.00010382095729844027	0.0003460698576614675	0.0	0.0	0.0	6.921397153229351e-05	1.3842794306458702e-05	7.613536868552285e-05	0.0	2.7685588612917403e-05	0.0001731017352133382	9.784975854523688e-05	0.001082227426248871	7.327345036178033e-06	4.584405320110686e-05	0.00021057750232080706	0.0006927761425435145	0.003244865122747499	5.558470664615221e-05	0.0009985913377777997	1.5441032165059692e-05	1.8661225053441083e-05	0.0	5.6656854643723285e-05	0.0	0.0	0.0	0.001687019703656652	0.0	0.0	0.0	0.004029957430923348	0.0033663516322597477	0.0	0.0
Sin-APnd_025-Ex1-6F-lcwgs-1-1.clmp.fp2_repr.R1	0.0	0.0	0.0	0.0	5.631812486775801e-06	0.0	0.0	0.0	0.0	6.307629985188897e-05	0.0027899999059487314	2.2527249947103203e-05	2.2527249947103203e-05	9.013791089099083e-06	1.9315459216407722e-05	0.0	0.0	3.713206854411521e-06	6.015425932106267e-05	3.099801476032469e-05	1.5559500338388015e-05	7.22981685092913e-05	2.044972294510857e-06	0.0	1.4529960007447475e-05	0.0	1.748781962433278e-05	0.0008346041955061964	0.0016076081360360754	0.0	0.0	2.9085421993843488e-05	9.567543219462985e-05	2.569359209521223e-05	0.0	0.0	0.0	0.0
Sin-APnd_025-Ex1-6F-lcwgs-1-1.clmp.fp2_repr.R2	0.0	0.0008447718730163699	0.003716996241272028	0.00018584981206360142	0.0005124949362965978	0.0	0.0	1.1263624973551601e-05	3.3790874920654806e-05	3.94226874074306e-05	3.94226874074306e-05	3.266451242329964e-05	3.604359991536512e-05	0.00015550128385465777	0.00012404917728195687	0.0009896775471599625	1.6717670887404898e-05	8.330892713346143e-05	0.00022732456217059376	0.0006244881339112138	0.003316007921880359	4.4329038422832395e-05	0.0009276428689315906	1.7033901771669355e-05	5.2649043959173e-05	2.1391628086865414e-05	7.048748483693051e-05	5.4977639769241255e-06	0.0	8.789688851167451e-06	0.001665750128926809	5.796328605461301e-05	0.0	0.0	0.003378027232096456	0.0028830894325735748	0.0	0.0
Sin-CPnd_010-Ex1-2F-lcwgs-1-1.clmp.fp2_repr.R1	0.0	0.0	0.0	0.0	0.0	0.0	0.0	0.0	0.0	0.0	0.0	0.0	0.0	0.0	0.0	0.0	0.0	0.0	0.0	0.0	0.0	0.0	0.0	0.0	0.0	0.0	0.0	0.0	0.0	0.0	0.0	0.0	0.0	0.0	0.0	0.0	0.0	0.0
Sin-CPnd_010-Ex1-2F-lcwgs-1-1.clmp.fp2_repr.R2	0.0	0.0	0.0	0.0	0.0	0.0	0.0	0.0	0.0	0.0	0.0	0.0	0.0	0.0	0.0	0.0	0.0	0.0	0.0	0.0	0.0	0.0	0.0	0.0	0.0	0.0	0.0	0.0	0.0	0.0	0.0	0.0	0.0	0.0	0.0	0.0	0.0	0.0
Sin-CPnd_011-Ex1-10H-lcwgs-1-1.clmp.fp2_repr.R1	0.0	0.0	0.0	0.0	0.0	0.0	0.0	0.0	0.0	0.0	0.0	0.0	0.0	0.0	0.0	0.0	0.0	0.0	0.0	0.0	0.0	0.0	0.0	0.0	0.0	0.0	0.0	0.0	0.0	0.0	0.0	0.0	0.0	0.0	0.0	0.0	0.0	0.0
Sin-CPnd_011-Ex1-10H-lcwgs-1-1.clmp.fp2_repr.R2	0.0	0.0	0.0	0.0	0.0	0.0	0.0	0.0	0.0	0.0	0.0	0.0	0.0	0.0	0.0	0.0122684333210649	0.0	0.0	0.0	0.0	0.0	0.0	0.0	0.0	0.0	0.0	0.0	0.0	0.0	0.0	0.0	0.0	0.0	0.0	0.0	0.0	0.0	0.0
Sin-CPnd_012-Ex1-2G-lcwgs-1-1.clmp.fp2_repr.R1	0.0	0.0	0.0	0.0	0.0	0.0	0.0	0.0	0.0	0.0	0.0	0.0	0.0	0.0	0.0	0.0	0.0	0.0	0.0	0.0	0.0	0.0	0.0	0.0	0.0	0.0	0.0	0.0	0.0	0.0	0.0	0.0	0.0	0.0	0.0	0.0	0.0	0.0
Sin-CPnd_012-Ex1-2G-lcwgs-1-1.clmp.fp2_repr.R2	0.0	0.0	0.0	0.0	0.0	0.0	0.0	0.0	0.0	0.0	0.0	0.0	0.0	0.0	0.0	0.0	0.0	0.0	0.0	0.0	0.0	0.0	0.0	0.0	0.0	0.0	0.0	0.0	0.0	0.0	0.0	0.0	0.0	0.0	0.0	0.0	0.0	0.0
Sin-CPnd_013-Ex1-4E-lcwgs-1-1.clmp.fp2_repr.R1	0.0	0.0	0.0	0.0	0.0	0.0	0.0	0.0	0.0	0.0	0.010411661060387635	0.0	0.0	0.0	0.0	0.0	0.0	0.0	0.0	0.0	0.0	0.0	0.0	0.0	0.0	0.0	0.0	0.001871397559697582	0.0040677690320743585	0.0	0.0	0.0	0.0	0.0	0.0	0.0	0.0	0.0
Sin-CPnd_013-Ex1-4E-lcwgs-1-1.clmp.fp2_repr.R2	0.0	0.0	0.0040044850232260135	0.0	0.0	0.0	0.0	0.0	0.0	0.0	0.0	0.0	0.0	0.0	0.000814179754606222	0.0016766989151758018	0.0	0.0	0.0	0.0031198976673565103	0.00890670229347584	0.0	0.0	0.0	0.0	0.0	0.0	0.0	0.0	0.0	0.0	0.0	0.0	0.0	0.00373594351253409	0.00416579879191835	0.0	0.0
Sin-CPnd_014-Ex1-3F-lcwgs-1-1.clmp.fp2_repr.R1	0.0	0.0	0.0	0.0	0.0	0.0	0.0	0.0	0.0	0.0	0.0	0.0	0.0	0.0	0.0	0.0	0.0	0.0	0.0	0.0	0.0	0.0	0.0	0.0	0.0	0.0	0.0	0.0	0.0	0.0	0.0	0.0	0.0	0.0	0.0	0.0	0.0	0.0
Sin-CPnd_014-Ex1-3F-lcwgs-1-1.clmp.fp2_repr.R2	0.0	0.0	0.0	0.0	0.0	0.0	0.0	0.0	0.0	0.0	0.0	0.0	0.0	0.0	0.0	0.0	0.0	0.0	0.0	0.0	0.0	0.0	0.0	0.0	0.0	0.0	0.0	0.0	0.0	0.0	0.0	0.0	0.0	0.0	0.0	0.0	0.0	0.0
Sin-CPnd_015-Ex1-4A-lcwgs-1-1.clmp.fp2_repr.R1	0.0	0.0	0.0	0.0	0.0	0.0	0.0	0.0	0.0	0.0	0.0074552683896620285	0.0	0.0	0.0	0.0	0.0	0.0	0.0	0.0	0.0	0.0	0.0	0.0	0.0	0.0	0.0	0.0	0.0	0.0	0.0	0.0	0.0	0.0	0.0	0.0	0.0	0.0	0.0
Sin-CPnd_015-Ex1-4A-lcwgs-1-1.clmp.fp2_repr.R2	0.0	0.0	0.0	0.0	0.0	0.0	0.0	0.0	0.0	0.0	0.0	0.0	0.0	0.0008287888080359362	0.0	0.0017366387357270004	0.0	0.0	0.0	0.0010962868763498032	0.004717481808210777	0.0	0.0027585445918733276	0.0	0.0	0.0	0.0	0.0	0.0	0.0	0.008501232678738417	0.0	0.0	0.0	0.0	0.0	0.0	0.0
Sin-CPnd_016-Ex1-1E-lcwgs-1-1.clmp.fp2_repr.R1	0.0	0.0	0.0	0.0	0.0	0.0	0.0	0.0	0.0	0.0	0.0	0.0	0.0	0.0	0.0	0.0	0.0	0.0	0.0	0.0	0.0	0.0	0.0	0.0	0.0	0.0	0.0	0.0	0.0	0.0	0.0	0.0	0.0	0.0	0.0	0.0	0.0	0.0
Sin-CPnd_016-Ex1-1E-lcwgs-1-1.clmp.fp2_repr.R2	0.0	0.0	0.0	0.0	0.0	0.0	0.0	0.0	0.0	0.0	0.0	0.0	0.0	0.0	0.0	0.0	0.0	0.0	0.0	0.0	0.0	0.0	0.0	0.0	0.0	0.0	0.0	0.0	0.0	0.0	0.0	0.0	0.0	0.0	0.0	0.0	0.0	0.0
Sin-CPnd_017-Ex1-4G-lcwgs-1-1.clmp.fp2_repr.R1	0.0	0.0	0.0	0.0	0.0	0.0	0.0	0.0	0.0	0.0	0.0	0.0	0.0	0.0	0.0	0.0	0.0	0.0	0.0	0.0	0.0	0.0	0.0	0.0	0.0	0.0	0.0	0.0	0.0	0.0	0.0	0.0	0.0	0.0	0.0	0.0	0.0	0.0
Sin-CPnd_017-Ex1-4G-lcwgs-1-1.clmp.fp2_repr.R2	0.0	0.0	0.0	0.0	0.0	0.0	0.0	0.0	0.0	0.0	0.0	0.0	0.0	0.0	0.0	0.0	0.0	0.0	0.0	0.0	0.0	0.0	0.0	0.0	0.0	0.0	0.0	0.0	0.0	0.0	0.0	0.0	0.0	0.0	0.0	0.0	0.0	0.0
Sin-CPnd_018-Ex1-11A-lcwgs-1-1.clmp.fp2_repr.R1	0.0	0.0	0.0	0.0	0.0	0.0	0.0	0.0	0.0	0.0	0.004193751310547285	0.0	0.0	0.0	0.0	0.0	0.0	0.0	0.0	0.0	0.0	0.0	0.0	0.0	0.0	0.0	0.0	0.005914534969688009	0.0	0.0	0.0	0.0	0.0	0.0	0.0	0.0	0.0	0.0
Sin-CPnd_018-Ex1-11A-lcwgs-1-1.clmp.fp2_repr.R2	0.0	0.0	0.015726567414552316	0.0	0.0	0.0	0.0	0.0	0.0	0.0	0.0	0.0	0.0	0.0	0.0010587500397031264	0.0010832945152798692	0.0	0.0	0.0	0.0	0.002916557295768075	0.0	0.0	0.0	0.0	0.002375579047392802	0.0	0.0	0.0	0.0	0.0	0.0	0.0	0.0	0.013932427725531176	0.007951021706289257	0.0	0.0
Sin-CPnd_019-Ex1-1H-lcwgs-1-1.clmp.fp2_repr.R1	0.0	0.0	0.0	0.0	0.0	0.0	0.0	0.0	0.0	0.0	0.0018768768768768769	0.0	0.0006256256256256256	0.0	0.0006318556336248294	0.0	0.0	0.0	0.0	0.0	0.0	0.0	0.0	0.0	0.0	0.0	0.0	0.0	0.002387318563789152	0.0	0.0	0.0	0.0	0.0	0.0	0.0	0.0	0.0
Sin-CPnd_019-Ex1-1H-lcwgs-1-1.clmp.fp2_repr.R2	0.0	0.0	0.0	0.0	0.0	0.0	0.0	0.0	0.0	0.0	0.0	0.0	0.0	0.0006258723095314094	0.0006330275810117047	0.0019469394112455222	0.0	0.0	0.0007603637580218377	0.0008227743952608195	0.0044903457566232595	0.0	0.0021753790598011704	0.0	0.0	0.0	0.0	0.0	0.0	0.0	0.0	0.0	0.0	0.0	0.007686395080707149	0.0	0.0	0.0
Sin-CPnd_020-Ex1-12E-lcwgs-1-1.clmp.fp2_repr.R1	0.0	0.0	0.0	0.0	0.0	0.0	0.0	0.0	0.0	0.0	0.006582195162086556	0.0	0.0	0.0	0.0	0.0	0.0	0.0	0.0	0.0	0.0	0.0	0.0	0.0	0.0	0.0	0.0	0.0	0.014028196675317387	0.0	0.0	0.0	0.0	0.0	0.0	0.0	0.0	0.0
Sin-CPnd_020-Ex1-12E-lcwgs-1-1.clmp.fp2_repr.R2	0.0	0.0	0.0	0.0	0.0	0.0	0.0	0.0	0.0	0.0	0.0	0.0	0.0	0.0	0.0	0.0	0.0	0.0	0.0	0.0	0.004058935747047124	0.0	0.0	0.0	0.0	0.0	0.0	0.0	0.0	0.0	0.0	0.0	0.0	0.0	0.012790995139421849	0.014334862385321102	0.0	0.0
Sin-CPnd_021-Ex1-3D-lcwgs-1-1.clmp.fp2_repr.R1	0.0	0.0	0.0	0.0	0.0	0.0	0.0	0.0	0.0	0.00010743281612106143	0.004865171815768068	4.6042635480454904e-05	3.069509032030327e-05	0.0	0.0	0.0	0.0	0.0	1.9479803534493474e-05	0.0	0.0	2.5172069977347653e-05	0.0	0.0	3.3637664496588806e-05	0.0	0.0	0.0018805226018176855	0.0028590493762932732	0.0	0.0	0.0	0.0	0.0	0.0	0.0	0.0	0.0
Sin-CPnd_021-Ex1-3D-lcwgs-1-1.clmp.fp2_repr.R2	0.0	0.0006906395322068236	0.004527525822244732	0.00015347545160151636	0.000460426354804549	0.0	0.0	0.0	0.00015347545160151636	4.6042635480454904e-05	1.5347545160151635e-05	1.5347545160151635e-05	1.5347545160151635e-05	0.00032250524531745423	0.0001249533572546123	0.0017964819057856914	1.7037711099370237e-05	0.00014532507402495958	0.00017602854948367894	0.0007418570589818753	0.004458980154996922	5.05837874914387e-05	0.00152800443176849	0.0	3.383562315913063e-05	0.0	0.00012468164619671107	0.0	0.0	0.0	0.0022510253420433006	0.00014477583633381254	0.0	0.0	0.0029907500373843755	0.005374879523297049	0.0	0.0
Sin-CPnd_022-Ex1-1D-lcwgs-1-1.clmp.fp2_repr.R1	0.0	0.0	0.0	0.0	0.0	0.0	0.0	0.0	0.0	0.0008486803021301875	0.015276245438343376	0.0	0.0008486803021301875	0.0	0.0008552417768503155	0.0	0.0	0.0	0.0	0.0	0.0	0.0	0.0	0.0	0.0	0.0	0.0	0.0	0.008930644613928234	0.0	0.0	0.0	0.0	0.0	0.0	0.0	0.0	0.0
Sin-CPnd_022-Ex1-1D-lcwgs-1-1.clmp.fp2_repr.R2	0.0	0.0	0.025460409063905627	0.004243401510650938	0.0	0.0	0.0	0.0	0.0	0.0	0.0	0.0	0.0008486803021301875	0.0008489324674222165	0.0008568246080027419	0.0026224005454593136	0.0	0.0	0.002918657028612568	0.0020430052607385463	0.0043097410923038796	0.001136053803508134	0.0	0.0	0.0	0.0	0.0	0.0	0.0	0.0	0.0042701283173559364	0.0	0.0	0.0	0.009563581880200197	0.007100759781296599	0.0	0.0
Sin-CPnd_023-Ex1-12B-lcwgs-1-1.clmp.fp2_repr.R1	0.0	0.0	0.0	0.0	0.0	0.0	0.0	0.0	0.0	0.0	0.004509074512456318	0.0	0.0	0.0	0.0	0.0	0.0	0.0	0.0	0.0	0.0	0.0	0.0	0.0	0.0	0.0	0.0	0.0	0.0	0.0	0.0	0.0	0.0	0.0	0.0	0.0	0.0	0.0
Sin-CPnd_023-Ex1-12B-lcwgs-1-1.clmp.fp2_repr.R2	0.0	0.0	0.0	0.0	0.0	0.0	0.0	0.0	0.0	0.0	0.0	0.0	0.0	0.0	0.0	0.0023651844843897824	0.0	0.0	0.0	0.0	0.006660228445835692	0.0	0.0	0.0	0.0	0.0	0.0	0.0	0.0	0.0	0.0	0.0	0.0	0.0	0.0	0.021659085986571368	0.0	0.0
Sin-CPnd_024-Ex1-12C-lcwgs-1-1.clmp.fp2_repr.R1	0.0	0.0	0.0	0.0	0.0	0.0	0.0	0.0	0.0	0.0	0.0029323363389780806	0.0	0.0	0.0	0.0	0.0	0.0	0.0	0.0	0.0	0.0	0.0	0.0	0.0	0.0	0.0	0.0	0.0016663611671193614	0.002871500358937545	0.0	0.0	0.0	0.0	0.0	0.0	0.0	0.0	0.0
Sin-CPnd_024-Ex1-12C-lcwgs-1-1.clmp.fp2_repr.R2	0.0	0.0	0.003665420423722601	0.0	0.0	0.0	0.0	0.0	0.0	0.0	0.0004887227231630134	0.0	0.0	0.00024449638634340987	0.0	0.0005124013947565966	0.0	0.0	0.0	0.0006703401305822574	0.0011022279701369702	0.0	0.002262023787442149	0.0	0.0	0.0006466966733923121	0.0	0.0	0.0	0.0	0.002569835273558965	0.0	0.0	0.0	0.00240517593861991	0.005685533160872161	0.0	0.0
Sin-CPnd_025-Ex1-3B-lcwgs-1-1.clmp.fp2_repr.R1	0.0	0.0	0.0	0.0	0.0	0.0	0.0	0.0	0.0	0.0	0.002255554302469832	0.0	0.0	0.0	0.0	0.0	0.0	0.0	0.0	0.0	0.0	0.0	0.0	0.0	0.0	0.0	0.0	0.0	0.0	0.0	0.0	0.0	0.0	0.0	0.0	0.0	0.0	0.0
Sin-CPnd_025-Ex1-3B-lcwgs-1-1.clmp.fp2_repr.R2	0.0	0.0	0.0	0.0	0.0	0.0	0.0	0.0	0.0	0.0	0.0	0.0	0.0	0.0	0.0	0.0	0.0	0.0	0.0	0.0	0.0039071657419707745	0.0	0.0	0.0	0.0	0.0	0.0	0.0	0.0	0.0	0.0	0.0	0.0	0.0	0.02201188641866608	0.0	0.0	0.0
Sin-CPnd_026-Ex1-1G-lcwgs-1-1.clmp.fp2_repr.R1	0.0	0.0	0.0	0.0	0.0	0.0	0.0	0.0	0.0	0.0	0.07092198581560284	0.0	0.0	0.0	0.0	0.0	0.0	0.0	0.0	0.0	0.0	0.0	0.0	0.0	0.0	0.0	0.0	0.0881057268722467	0.0	0.0	0.0	0.0	0.0	0.0	0.0	0.0	0.0	0.0
Sin-CPnd_026-Ex1-1G-lcwgs-1-1.clmp.fp2_repr.R2	0.0	0.0	0.0	0.0	0.0	0.0	0.0	0.0	0.0	0.0	0.0	0.0	0.0	0.0	0.0	0.0	0.0	0.0	0.0	0.0	0.0	0.0	0.0	0.0	0.0	0.0	0.0	0.0	0.0	0.0	0.0	0.0	0.0	0.0	0.0	0.0	0.0	0.0
Sin-CPnd_027-Ex1-3A-lcwgs-1-1.clmp.fp2_repr.R1	0.0	0.0	0.0	0.0	0.0	0.0	0.0	0.0	0.0	0.0	0.0	0.0	0.0	0.0	0.0	0.0	0.0	0.0	0.0	0.0	0.0	0.0	0.0	0.0	0.0	0.0	0.0	0.0	0.0	0.0	0.0	0.0	0.0	0.0	0.0	0.0	0.0	0.0
Sin-CPnd_027-Ex1-3A-lcwgs-1-1.clmp.fp2_repr.R2	0.0	0.0	0.0	0.0	0.0	0.0	0.0	0.0	0.0	0.0	0.0	0.0	0.0	0.0	0.0	0.0	0.0	0.0	0.0	0.0	0.0	0.0	0.0	0.0	0.0	0.0	0.0	0.0	0.0	0.0	0.0	0.0	0.0	0.0	0.0	0.0	0.0	0.0
Sin-CPnd_028-Ex1-12H-lcwgs-1-1.clmp.fp2_repr.R1	0.0	0.0	0.0	0.0	0.0	0.0	0.0	0.0	0.0	0.0	0.016433853738701723	0.0	0.0	0.0	0.0	0.0	0.0	0.0	0.0	0.0	0.0	0.0	0.0	0.0	0.0	0.0	0.0	0.0	0.0	0.0	0.0	0.0	0.0	0.0	0.0	0.0	0.0	0.0
Sin-CPnd_028-Ex1-12H-lcwgs-1-1.clmp.fp2_repr.R2	0.0	0.0	0.0	0.0	0.0	0.0	0.0	0.0	0.0	0.0	0.0	0.0	0.0	0.0	0.0	0.00864528399757932	0.0	0.0	0.0	0.0	0.0	0.0	0.016353229762878167	0.0	0.0	0.0	0.0	0.0	0.0	0.0	0.0	0.0	0.0	0.0	0.0	0.0	0.0	0.0
Sin-CPnd_029-Ex1-4D-lcwgs-1-1.clmp.fp2_repr.R1	0.0	0.0	0.0	0.0	0.0	0.0	0.0	0.0	0.0	0.0	0.005347236147316356	0.0	0.0	0.0	0.0	0.0	0.0	0.0	0.0	0.0	0.0	0.0	0.0	0.0	0.0	0.0	0.0	0.0015968573846669755	0.0034786238564024075	0.0	0.0	0.0	0.0	0.0	0.0	0.0	0.0	0.0
Sin-CPnd_029-Ex1-4D-lcwgs-1-1.clmp.fp2_repr.R2	0.0	0.0	0.0033420225920727225	0.0	0.0	0.0	0.0	0.0	0.0	0.0	0.0	0.0	0.0	0.0	0.0	0.004185793417142219	0.0	0.0	0.0	0.0	0.004582825403517777	0.0	0.0010654619843163996	0.0	0.0	0.0	0.0	0.0	0.0	0.0	0.002123097174157661	0.0	0.0	0.0	0.0033106005429384892	0.0037102997922232117	0.0	0.0
Sin-CPnd_030-Ex1-10B-lcwgs-1-1.clmp.fp2_repr.R1	0.0	0.0	0.0	0.0	0.0	0.0	0.0	0.0	0.0	0.0	0.005288207297726071	0.0	0.0	0.0	0.0	0.0	0.0	0.0	0.0	0.0	0.0	0.0	0.0	0.0	0.0	0.0	0.0	0.0	0.025233409033560434	0.0	0.0	0.0	0.0	0.0	0.0	0.0	0.0	0.0
Sin-CPnd_030-Ex1-10B-lcwgs-1-1.clmp.fp2_repr.R2	0.0	0.0	0.0	0.0	0.0	0.0	0.0	0.0	0.0	0.0	0.0	0.0	0.0	0.0	0.0	0.0	0.0	0.0	0.0	0.0	0.0	0.0	0.0	0.0	0.0	0.0	0.0	0.0	0.0	0.0	0.0	0.0	0.0	0.0	0.0	0.0	0.0	0.0
Sin-CPnd_031-Ex1-3G-lcwgs-1-1.clmp.fp2_repr.R1	0.0	0.0	0.0	0.0	0.0	0.0	0.0	0.0	0.0	0.0	0.00586123525533006	0.0	0.0	0.0	0.0	0.0	0.0	0.0	0.0	0.0	0.0	0.0	0.0	0.0	0.0	0.0	0.0	0.004047927461139897	0.00441598586884522	0.0	0.0	0.0	0.0	0.0	0.0	0.0	0.0	0.0
Sin-CPnd_031-Ex1-3G-lcwgs-1-1.clmp.fp2_repr.R2	0.0	0.0	0.010989816103743864	0.0	0.0	0.0	0.0	0.0	0.0	0.0	0.0	0.0	0.0	0.0	0.0	0.000783619223746797	0.0	0.0	0.0009583225522046211	0.0010367528899486809	0.006728343145500421	0.0	0.003965683617760975	0.0	0.0	0.0	0.0	0.0	0.0	0.0	0.013267526402377541	0.0	0.0	0.0	0.012069520437721274	0.0	0.0	0.0
Sin-CPnd_032-Ex1-3E-lcwgs-1-1.clmp.fp2_repr.R1	0.0	0.0	0.0	0.0	0.0	0.0	0.0	0.0	0.0	0.0	0.005756223917110375	0.0	0.0	0.0	0.0	0.0	0.0	0.0	0.0	0.0	0.0	0.0	0.0	0.0	0.0	0.0	0.0	0.0	0.007019514249613927	0.0	0.0	0.0	0.0	0.0	0.0	0.0	0.0	0.0
Sin-CPnd_032-Ex1-3E-lcwgs-1-1.clmp.fp2_repr.R2	0.0	0.0	0.0	0.0	0.0	0.0	0.0	0.0	0.0	0.0	0.0	0.0	0.0	0.0	0.0	0.0029996700362960077	0.0	0.0	0.0	0.0	0.003945395723191036	0.0	0.0	0.0	0.0	0.0	0.0	0.0	0.0	0.0	0.0	0.0	0.0	0.0	0.025081514923501375	0.0	0.0	0.0
Sin-CPnd_033-Ex1-1B-lcwgs-1-1.clmp.fp2_repr.R1	0.0	0.0	0.0	0.0	0.0	0.0	0.0	0.0	0.0	8.49866783381705e-05	0.013725348551614535	4.249333916908525e-05	4.249333916908525e-05	0.0	4.2747154428797565e-05	0.0	0.0	0.0	0.0	4.8096508530156266e-05	0.0	5.149277556358843e-05	0.0	0.0	0.0	0.0	6.291852617127555e-05	0.0025044718003066004	0.005813156834819149	0.0	0.0	0.0	0.0	0.0	0.0	0.0	0.0	0.0
Sin-CPnd_033-Ex1-1B-lcwgs-1-1.clmp.fp2_repr.R2	0.0	0.0023371336542996886	0.01614746888425239	0.0004249333916908525	0.0010623334792271312	0.0	0.0	0.0	0.0004249333916908525	4.249333916908525e-05	0.00012748001750725576	8.49866783381705e-05	4.249333916908525e-05	0.000765105737612938	0.00012846106216744642	0.0047360252495320465	0.0	0.00027304238846559734	0.0005155629713300119	0.0017899152305822013	0.011106036130637001	0.0	0.0037649124146911187	5.592944388794648e-05	0.0001746679126311101	0.0	6.354406876484946e-05	0.0	0.0	0.0	0.006194718022708739	0.00016763897270837523	0.0	0.0	0.015303259594293583	0.009814245203720639	0.0	0.0
Sin-CPnd_034-Ex1-3C-lcwgs-1-1.clmp.fp2_repr.R1	0.0	0.0	0.0	0.0	0.0	0.0	0.0	0.0	0.0	0.0	0.003586478974267013	0.0	0.0	0.0	0.0	0.0	0.0	0.0	0.0	0.0	0.0	0.0	0.0	0.0	0.0	0.0	0.0	0.0	0.00510073960724305	0.0	0.0	0.0	0.0	0.0	0.0	0.0	0.0	0.0
Sin-CPnd_034-Ex1-3C-lcwgs-1-1.clmp.fp2_repr.R2	0.0	0.0	0.008966197435667534	0.0	0.0	0.0	0.0	0.0	0.0	0.0	0.0	0.0	0.0	0.0	0.0018145856393692499	0.005574861093044432	0.0	0.0	0.0	0.0023009664058904742	0.0	0.0	0.0	0.0	0.0	0.0	0.0	0.0	0.0	0.0	0.0	0.0	0.0	0.0	0.0	0.0	0.0	0.0
Sin-CPnd_035-Ex1-12D-lcwgs-1-1.clmp.fp2_repr.R1	0.0	0.0	0.0	0.0	0.0	0.0	0.0	0.0	0.0	0.0	0.011102886750555143	0.0	0.0	0.0	0.0	0.0	0.0	0.0	0.0	0.0	0.0	0.0	0.0	0.0	0.0	0.0	0.0	0.0	0.0	0.0	0.0	0.0	0.0	0.0	0.0	0.0	0.0	0.0
Sin-CPnd_035-Ex1-12D-lcwgs-1-1.clmp.fp2_repr.R2	0.0	0.0	0.0	0.0	0.0	0.0	0.0	0.0	0.0	0.0	0.0	0.0	0.0	0.003702195401873311	0.0	0.0	0.0	0.0	0.0	0.004605960112385427	0.00985367295659457	0.0	0.0	0.0	0.0	0.0	0.0	0.0	0.0	0.0	0.0	0.0	0.0	0.0	0.0	0.0	0.0	0.0
Sin-CPnd_037-Ex1-4F-lcwgs-1-1.clmp.fp2_repr.R1	0.0	0.0	0.0	0.0	0.0	0.0	0.0	0.0	0.0	0.0	0.0	0.0	0.0	0.0	0.0	0.0	0.0	0.0	0.0	0.0	0.0	0.0	0.0	0.0	0.0	0.0	0.0	0.0	0.0	0.0	0.0	0.0	0.0	0.0	0.0	0.0	0.0	0.0
Sin-CPnd_037-Ex1-4F-lcwgs-1-1.clmp.fp2_repr.R2	0.0	0.0	0.0	0.0	0.0	0.0	0.0	0.0	0.0	0.0	0.0	0.0	0.0	0.0	0.0	0.0	0.0	0.0	0.0	0.0	0.0	0.0	0.0	0.0	0.0	0.0	0.0	0.0	0.0	0.0	0.0	0.0	0.0	0.0	0.0	0.0	0.0	0.0
Sin-CPnd_038-Ex1-11C-lcwgs-1-1.clmp.fp2_repr.R1	0.0	0.0	0.0	0.0	0.0	0.0	0.0	0.0	0.0	0.0	0.005535566011624689	0.0	0.0	0.0	0.0	0.0	0.0	0.0	0.0	0.0	0.0	0.0	0.0	0.0	0.0	0.0	0.0	0.0	0.0	0.0	0.0	0.0	0.0	0.0	0.0	0.0	0.0	0.0
Sin-CPnd_038-Ex1-11C-lcwgs-1-1.clmp.fp2_repr.R2	0.0	0.0	0.01383891502906172	0.0	0.0	0.0	0.0	0.0	0.0	0.0	0.0	0.0	0.0	0.0	0.0	0.0	0.0	0.0	0.0	0.0035316969803990813	0.0	0.0	0.0	0.0	0.0	0.0	0.0	0.0	0.0	0.0	0.0	0.0	0.0	0.0	0.0	0.0	0.0	0.0
Sin-CPnd_039-Ex1-10F-lcwgs-1-1.clmp.fp2_repr.R1	0.0	0.0	0.0	0.0	0.0	0.0	0.0	0.0	0.0	0.0	0.01117006422786931	0.0	0.0	0.0	0.0	0.0	0.0	0.0	0.0	0.0	0.0	0.0	0.0	0.0	0.0	0.0	0.0	0.0	0.0	0.0	0.0	0.0	0.0	0.0	0.0	0.0	0.0	0.0
Sin-CPnd_039-Ex1-10F-lcwgs-1-1.clmp.fp2_repr.R2	0.0	0.0	0.0	0.0	0.0	0.0	0.0	0.0	0.0	0.0	0.0	0.0	0.0	0.0	0.0	0.0058578876457149555	0.0	0.0	0.0	0.0	0.0	0.0	0.0	0.0	0.0	0.0	0.0	0.0	0.0	0.0	0.0	0.0	0.0	0.0	0.0	0.0	0.0	0.0
Sin-CPnd_040-Ex1-11E-lcwgs-1-1.clmp.fp2_repr.R1	0.0	0.0	0.0	0.0	0.0	0.0	0.0	0.0	0.0	0.0	0.026886237607124854	0.0	0.0	0.0	0.0	0.0	0.0	0.0	0.0	0.0	0.0	0.0	0.0	0.0	0.0	0.0	0.0	0.006589785831960461	0.0	0.0	0.0	0.0	0.0	0.0	0.0	0.0	0.0	0.0
Sin-CPnd_040-Ex1-11E-lcwgs-1-1.clmp.fp2_repr.R2	0.0	0.0	0.0	0.0	0.0	0.0	0.0	0.0	0.0	0.0	0.0	0.0	0.0	0.0	0.0	0.006924248719013987	0.0	0.0	0.0	0.0	0.008393838922231084	0.0	0.0	0.0	0.0	0.0	0.0	0.0	0.0	0.0	0.0	0.0	0.0	0.0	0.0	0.0	0.0	0.0
Sin-CPnd_041-Ex1-1F-lcwgs-1-1.clmp.fp2_repr.R1	0.0	0.0	0.0	0.0	0.0	0.0	0.0	0.0	0.0	0.0	0.014251781472684086	0.0	0.0	0.0	0.0	0.0	0.0	0.0	0.0	0.0	0.0	0.0	0.0	0.0	0.0	0.0	0.0	0.008347942232239752	0.0	0.0	0.0	0.0	0.0	0.0	0.0	0.0	0.0	0.0
Sin-CPnd_041-Ex1-1F-lcwgs-1-1.clmp.fp2_repr.R2	0.0	0.0	0.0	0.0	0.0	0.0	0.0	0.0	0.0	0.0	0.0	0.0	0.0	0.0	0.0	0.0	0.0	0.0	0.0	0.0	0.0	0.0	0.0	0.0	0.0	0.0	0.0	0.0	0.0	0.0	0.0	0.0	0.0	0.0	0.0	0.0	0.0	0.0
Sin-CPnd_042-Ex1-10D-lcwgs-1-1.clmp.fp2_repr.R1	0.0	0.0	0.0	0.0	0.0	0.0	0.0	0.0	0.0	0.0008675284115554785	0.0047714062635551314	0.0	0.0	0.0	0.0	0.0	0.0	0.0	0.0	0.0	0.0	0.0	0.0	0.0	0.0	0.0	0.0010342972984154564	0.0011476181185948564	0.0025593448077292215	0.0	0.0	0.0	0.0	0.0	0.0	0.0	0.0	0.0
Sin-CPnd_042-Ex1-10D-lcwgs-1-1.clmp.fp2_repr.R2	0.0	0.002168821028888696	0.008675284115554785	0.0	0.002168821028888696	0.0	0.0	0.0	0.0	0.00043376420577773925	0.0	0.00043376420577773925	0.0	0.0	0.0	0.002264338926250481	0.0	0.0	0.0	0.0005645762290824507	0.00424844931599966	0.0	0.0021388391806820045	0.0	0.0	0.0	0.0	0.0	0.0	0.0	0.0032381846736719397	0.0	0.0	0.0	0.005512679162072768	0.003172890820826855	0.0	0.0
Sin-CPnd_043-Ex1-1C-lcwgs-1-1.clmp.fp2_repr.R1	0.0	0.0	0.0	0.0	0.0	0.0	0.0	0.0	0.0	0.0	0.015246226558926667	0.0	0.0	0.0	0.0	0.0	0.0	0.0	0.0035172874679047514	0.0	0.00397251022921384	0.0	0.0	0.0	0.0	0.0	0.0	0.006757213325224677	0.0	0.0	0.0	0.0	0.0	0.0	0.0	0.0	0.0	0.0
Sin-CPnd_043-Ex1-1C-lcwgs-1-1.clmp.fp2_repr.R2	0.0	0.0	0.0	0.0	0.0	0.0	0.0	0.0	0.0	0.0	0.0	0.0	0.0	0.0	0.0	0.0031381409652921606	0.0	0.0	0.0035432094391099457	0.003757844500394574	0.0	0.0	0.0	0.0	0.0	0.0	0.0	0.0	0.0	0.0	0.0	0.0	0.0	0.0	0.0	0.031525851197982346	0.0	0.0
Sin-CPnd_044-Ex1-2C-lcwgs-1-1.clmp.fp2_repr.R1	0.0	0.0	0.0	0.0	0.0	0.0	0.0	0.0	0.0	9.483898119224455e-05	0.0029162986716615197	2.3709745298061137e-05	2.3709745298061137e-05	0.0	4.827772825287488e-05	0.0	0.0	0.0	3.151774322872804e-05	3.486958253089706e-05	0.0	0.0	0.0	0.0	0.0	0.0	0.0	0.0014010337761222748	0.0025547515184804336	0.0	0.0	0.0	0.0	0.0	0.0	0.0	0.0	0.0
Sin-CPnd_044-Ex1-2C-lcwgs-1-1.clmp.fp2_repr.R2	0.0	0.000355646179470917	0.002608071982786725	0.0	0.0	0.0	0.0	0.0	0.00011854872649030569	2.3709745298061137e-05	0.0	0.0	4.7419490596122274e-05	4.745126221543775e-05	4.833589191321194e-05	0.0009562832591542732	0.0	8.664189863590995e-05	0.00012654799839030946	0.00024506062799936704	0.003164516163059314	4.3887771945092885e-05	0.0008921641225119773	0.0	6.367021882817508e-05	0.0	0.0	0.0	0.0	0.0	0.0018184107090402986	0.0	0.0	0.0	0.0022844784916350013	0.0032754179880000595	0.0	0.0
Sin-CPnd_045-Ex1-11H-lcwgs-1-1.clmp.fp2_repr.R1	0.0	0.0	0.0	0.0	0.0	0.0	0.0	0.0	0.0	0.0	0.012077294685990338	0.0	0.0	0.0	0.0	0.0	0.0	0.0	0.0	0.0	0.0	0.0	0.0	0.0	0.0	0.0	0.0	0.0	0.0	0.0	0.0	0.0	0.0	0.0	0.0	0.0	0.0	0.0
Sin-CPnd_045-Ex1-11H-lcwgs-1-1.clmp.fp2_repr.R2	0.0	0.0	0.0	0.0	0.0	0.0	0.0	0.0	0.0	0.0	0.0	0.0	0.0	0.0	0.0	0.0	0.0	0.0	0.0	0.016101763143064166	0.0	0.0	0.0	0.0	0.0	0.0	0.0	0.0	0.0	0.0	0.0	0.0	0.0	0.0	0.0	0.0	0.0	0.0
Sin-CPnd_049-Ex1-4C-lcwgs-1-1.clmp.fp2_repr.R1	0.0	0.0	0.0	0.0	0.0	0.0	0.0	0.0	0.0	0.0	0.0024798512089274642	0.0	0.0	0.0	0.0	0.0	0.0	0.0	0.0	0.0031956028504777426	0.0	0.0	0.0	0.0	0.0	0.0	0.0	0.0	0.006931447979482914	0.0	0.0	0.0	0.0	0.0	0.0	0.0	0.0	0.0
Sin-CPnd_049-Ex1-4C-lcwgs-1-1.clmp.fp2_repr.R2	0.0	0.0	0.0	0.0	0.0	0.0	0.0	0.0	0.0	0.0	0.0	0.0	0.0	0.0	0.0	0.0025861846018568804	0.0	0.0	0.0	0.0	0.006911327666044647	0.0	0.0	0.0	0.0	0.0	0.0	0.0	0.0	0.0	0.0	0.0	0.0	0.0	0.0	0.01642845408247084	0.0	0.0
Sin-CPnd_050-Ex1-9B-lcwgs-1-1.clmp.fp2_repr.R1	0.0	0.0	0.0	0.0	0.0	0.0	0.0	0.0	0.0	0.0	0.002654733009708738	0.0	0.0	0.0	0.0	0.0	0.0	0.0	0.0	0.0	0.0	0.0	0.0	0.0	0.0	0.0	0.0	0.0015908873969900411	0.0	0.0	0.0	0.0	0.0	0.0	0.0	0.0	0.0	0.0
Sin-CPnd_050-Ex1-9B-lcwgs-1-1.clmp.fp2_repr.R2	0.0	0.0	0.0	0.0	0.0	0.0	0.0	0.0	0.0	0.0	0.0	0.0	0.0	0.0	0.0	0.001990540949408411	0.0	0.0	0.00047879878959665987	0.0005230727384950151	0.0017389489792369493	0.0	0.0	0.0	0.0	0.0	0.0	0.0	0.0	0.0	0.005456579270455352	0.0	0.0	0.0	0.005732958780026371	0.0	0.0	0.0
Sin-CPnd_051-Ex1-12G-lcwgs-1-1.clmp.fp2_repr.R1	0.0	0.0	0.0	0.0	0.0	0.0	0.0	0.0	0.0	0.0	0.006962576153176675	0.0	0.0	0.0	0.0	0.0	0.0	0.0	0.0	0.0	0.0	0.0	0.0	0.0	0.0	0.0	0.0	0.0	0.0	0.0	0.0	0.0	0.0	0.0	0.0	0.0	0.0	0.0
Sin-CPnd_051-Ex1-12G-lcwgs-1-1.clmp.fp2_repr.R2	0.0	0.0	0.0	0.0	0.0	0.0	0.0	0.0	0.0	0.0	0.0	0.0	0.0	0.0	0.0	0.0	0.0	0.0	0.0	0.0	0.004813941173638858	0.0	0.0	0.0	0.0	0.0	0.0	0.0	0.0	0.0	0.0	0.0	0.0	0.0	0.0	0.0	0.0	0.0
Sin-CPnd_053-Ex1-9G-lcwgs-1-1.clmp.fp2_repr.R1	0.0	0.0	0.0	0.0	0.0	0.0	0.0	0.0	0.0	0.0	0.002192295646727216	0.0	0.0	0.0	0.0	0.0	0.0	0.0	0.0	0.0	0.0	0.0	0.0	0.0	0.0	0.0	0.0	0.0013192090022822317	0.001572524845892565	0.0	0.0	0.0	0.0	0.0	0.0	0.0	0.0	0.0
Sin-CPnd_053-Ex1-9G-lcwgs-1-1.clmp.fp2_repr.R2	0.0	0.0	0.007829627309740057	0.0015659254619480112	0.0015659254619480112	0.0	0.0	0.0	0.0	0.0	0.0	0.0	0.0	0.0	0.0	0.0016340937316164455	0.0	0.0	0.0003873566780291292	0.0	0.0009336850213580449	0.0	0.001786831055123738	0.0	0.0	0.0	0.0	0.0	0.0	0.0	0.0	0.0	0.0	0.0	0.0	0.011648223645894	0.0	0.0
Sin-CPnd_058-Ex1-9D-lcwgs-1-1.clmp.fp2_repr.R1	0.0	0.0	0.0	0.0	0.0	0.0	0.0	0.0	0.0	9.968567859468114e-05	0.004884598251139376	1.2460709824335143e-05	1.2460709824335143e-05	0.0	1.2551533458497225e-05	0.0	0.0	0.0	4.316550489108336e-05	4.584598682569723e-05	0.0	5.296245491571026e-05	0.0	0.0	2.3159331102935352e-05	0.0	2.879730641514715e-05	0.0011688930290791363	0.002250352032529023	0.0	0.0	0.0	0.0	0.0001632094818180557	0.0	0.00012576480723399173	0.0	0.0
Sin-CPnd_058-Ex1-9D-lcwgs-1-1.clmp.fp2_repr.R2	0.0	0.0014329816297985415	0.00785024718933114	0.0004984283929734057	0.0005607319420950814	0.0	0.0	6.230354912167572e-05	0.0	3.7382129473005426e-05	7.476425894601085e-05	0.0	3.7382129473005426e-05	0.0002368283547858274	8.79995403909719e-05	0.0013317942572519399	1.3184301504935279e-05	0.00010985597606897418	0.0002458029863038576	0.0008141411087803121	0.003158812766802457	3.551621306247249e-05	0.0009265847591478046	0.0	0.0	2.5918728199109744e-05	2.905494435251783e-05	0.0	0.0	0.0	0.0011839912542512686	0.00011501656238498344	0.0	0.0	0.0022026241873034998	0.002751798128089323	0.0	0.0
Sin-CPnd_060-Ex1-2H-lcwgs-1-1.clmp.fp2_repr.R1	0.0	0.0	0.0	0.0	0.0	0.0	0.0	0.0	0.0	0.0	0.02631578947368421	0.0	0.0	0.0	0.0	0.0	0.0	0.0	0.0	0.0	0.0	0.0	0.0	0.0	0.0	0.0	0.0	0.0	0.0	0.0	0.0	0.0	0.0	0.0	0.0	0.0	0.0	0.0
Sin-CPnd_060-Ex1-2H-lcwgs-1-1.clmp.fp2_repr.R2	0.0	0.0	0.0	0.0	0.0	0.0	0.0	0.0	0.0	0.0	0.0	0.0	0.0	0.0	0.0	0.0	0.0	0.0	0.0	0.0	0.0	0.0	0.0	0.0	0.0	0.0	0.0	0.0	0.0	0.0	0.0	0.0	0.0	0.0	0.0	0.0	0.0	0.0
Sin-CPnd_061-Ex1-9A-lcwgs-1-1.clmp.fp2_repr.R1	0.0	0.0	0.0	0.0	0.0	0.0032597711640642824	0.0	0.0	0.0	0.0	0.008475405026567136	0.0	0.0	0.0	0.0	0.0	0.0	0.0	0.0	0.0	0.0	0.0	0.0	0.0	0.0	0.0	0.0	0.0	0.0027371763288991076	0.0	0.0	0.0	0.0	0.0	0.0	0.0	0.0	0.0
Sin-CPnd_061-Ex1-9A-lcwgs-1-1.clmp.fp2_repr.R2	0.0	0.0032597711640642824	0.006519542328128565	0.0	0.0032597711640642824	0.0	0.0	0.0	0.0	0.0	0.0	0.0	0.0	0.0006523072106039059	0.0	0.000679283220345891	0.0	0.0007504070958494984	0.0008039813154742284	0.0026181208873684394	0.0019235023130115313	0.0	0.004814057046576002	0.0	0.0	0.0	0.0	0.0	0.0	0.0	0.007297672042618404	0.0	0.0	0.0	0.006740815638692282	0.007781495603454983	0.0	0.0
Sin-CPnd_062-Ex1-11D-lcwgs-1-1.clmp.fp2_repr.R1	0.0	0.0	0.0	0.0	0.0	0.0	0.0	0.0	0.0	0.0	0.013436715273800609	0.0	0.0	0.0	0.0	0.0	0.0	0.0	0.0	0.0	0.0	0.0002662477701749248	0.0	0.0	0.0	0.0	0.0	0.002821670428893905	0.004098895161440575	0.0	0.0	0.0	0.0	0.0	0.0	0.0	0.0	0.0
Sin-CPnd_062-Ex1-11D-lcwgs-1-1.clmp.fp2_repr.R2	0.0	0.0022027402088197717	0.025331512401427378	0.0	0.0	0.0	0.0	0.0	0.0	0.0	0.0	0.0	0.0	0.0008813368116759501	0.00022180768829809178	0.004043826088519353	0.0	0.00023409006849475403	0.0004816201702527302	0.0012430698853889567	0.010048335068174088	0.0	0.002230873052168966	0.0	0.0003052018605105417	0.0	0.0	0.0	0.0	0.0	0.003401360544217687	0.0	0.0	0.0	0.00923744861669207	0.01506392754250852	0.0	0.0
Sin-CPnd_063-Ex1-9F-lcwgs-1-1.clmp.fp2_repr.R1	0.0	0.0	0.0	0.0	0.0	0.0	0.0	0.0	0.0	0.0003444237790177034	0.004477509127230144	0.0	0.0	0.0	0.0	0.0	0.0	0.0	0.0	0.0	0.0	0.0	0.0	0.0	0.0	0.0	0.0	0.0	0.0	0.0	0.0	0.0	0.0	0.0	0.0	0.0	0.0	0.0
Sin-CPnd_063-Ex1-9F-lcwgs-1-1.clmp.fp2_repr.R2	0.0	0.0017221188950885167	0.0034442377901770333	0.0	0.0034442377901770333	0.0	0.0	0.0	0.0	0.0003444237790177034	0.0	0.0	0.0	0.0	0.0003493901395114827	0.0017972810731924744	0.0003748940924188917	0.0	0.0	0.0	0.003533693770097883	0.0	0.0018821757952192733	0.0	0.0	0.0	0.0	0.0	0.0	0.0015655577299412916	0.001789773235731033	0.0	0.0	0.0	0.003165558721114277	0.0036821562707121287	0.0	0.0
Sin-CPnd_065-Ex1-11B-lcwgs-1-1.clmp.fp2_repr.R1	0.0	0.0	0.0	0.0	0.0	0.0	0.0	0.0	0.0	0.0	0.011115861479264643	0.0	0.0	0.0	0.0	0.0	0.0	0.0	0.0	0.0	0.0	0.0	0.0	0.0	0.0	0.0	0.0	0.0022507821467960113	0.00250400641025641	0.0	0.0	0.0	0.0	0.0	0.0	0.0	0.0	0.0
Sin-CPnd_065-Ex1-11B-lcwgs-1-1.clmp.fp2_repr.R2	0.0	0.0	0.008550662676357419	0.0	0.0	0.0	0.0	0.0	0.0	0.0	0.0	0.0	0.0	0.0017113470868594213	0.0008676187336236963	0.0008927614898403743	0.0	0.0009802383939774152	0.0	0.0	0.00601568891669474	0.0	0.0	0.0	0.0	0.0	0.0	0.0	0.0	0.0	0.0	0.0	0.0	0.0	0.005171165580721895	0.0058572014291571484	0.0	0.0
Sin-CPnd_067-Ex1-9C-lcwgs-1-1.clmp.fp2_repr.R1	0.0	0.0	0.0	0.0	0.0	0.0	0.0	0.0	0.0	0.0004344284550638067	0.009340211783871843	0.0	0.00021721422753190334	0.0	0.00021918720998792278	0.0	0.0	0.0	0.0	0.0	0.0	0.0	0.0	0.0	0.0	0.0	0.0	0.0011266970874880288	0.0031266805908175643	0.0	0.0	0.0	0.0	0.0	0.0	0.0	0.0	0.0
Sin-CPnd_067-Ex1-9C-lcwgs-1-1.clmp.fp2_repr.R2	0.0	0.0010860711376595167	0.010860711376595167	0.0010860711376595167	0.0	0.0	0.0	0.0	0.0	0.0004344284550638067	0.0	0.0	0.0	0.00021729305009908563	0.0004390808281942581	0.0011210385300942794	0.0	0.0	0.0002547387781199769	0.0016281915947322576	0.00612981190234334	0.0	0.00241750271969056	0.0	0.0	0.0	0.0	0.0005679720557748559	0.0	0.0	0.004683950443804304	0.0008698450805911468	0.0	0.0	0.01470101804549965	0.00965104575974411	0.0	0.0
Sin-CPnd_071-Ex1-10A-lcwgs-1-1.clmp.fp2_repr.R1	0.0	0.0	0.0	0.0	0.0	0.0	0.0	0.0	0.0	0.0	0.014393666786613891	0.0	0.0	0.0	0.0	0.0	0.0	0.0	0.0	0.0	0.0	0.0	0.0	0.0	0.0	0.0	0.0	0.0	0.0	0.0	0.0	0.0	0.0	0.0	0.0	0.0	0.0	0.0
Sin-CPnd_071-Ex1-10A-lcwgs-1-1.clmp.fp2_repr.R2	0.0	0.0	0.035984166966534725	0.0	0.0	0.0	0.0	0.0	0.0	0.0	0.0	0.0	0.0	0.0	0.0	0.0	0.0	0.0	0.0	0.0	0.009445546424860677	0.0	0.0	0.0	0.0	0.0	0.0	0.0	0.0	0.0	0.0	0.0	0.0	0.0	0.0	0.0	0.0	0.0
Sin-CPnd_074-Ex1-12A-lcwgs-1-1.clmp.fp2_repr.R1	0.0	0.0	0.0	0.0	0.0	0.0	0.0	0.0	0.0	0.0	0.0	0.0	0.0	0.0	0.0	0.0	0.0	0.0	0.0	0.0	0.0	0.0	0.0	0.0	0.0	0.0	0.0	0.0	0.0	0.0	0.0	0.0	0.0	0.0	0.0	0.0	0.0	0.0
Sin-CPnd_074-Ex1-12A-lcwgs-1-1.clmp.fp2_repr.R2	0.0	0.0	0.0	0.0	0.0	0.0	0.0	0.0	0.0	0.0	0.0	0.0	0.0	0.0	0.0	0.0	0.0	0.0	0.0	0.0	0.0	0.0	0.0	0.0	0.0	0.0	0.0	0.0	0.0	0.0	0.0513083632632119	0.0	0.0	0.0	0.0	0.0945179584120983	0.0	0.0
Sin-CPnd_075-Ex1-11G-lcwgs-1-1.clmp.fp2_repr.R1	0.0	0.0	0.0	0.0	0.0	0.0	0.0	0.0	0.0	0.0	0.0035599857600569595	0.0	0.0	0.0	0.0	0.0	0.0	0.0	0.0	0.0	0.0	0.0	0.0	0.0	0.0	0.0	0.0	0.0060716454159077116	0.0	0.0	0.0	0.0	0.0	0.0	0.0	0.0	0.0	0.0
Sin-CPnd_075-Ex1-11G-lcwgs-1-1.clmp.fp2_repr.R2	0.0	0.0	0.0	0.0	0.0	0.0	0.0	0.0	0.0	0.0	0.0	0.0	0.0	0.0	0.0	0.0	0.0	0.0	0.0	0.0	0.0	0.0	0.0	0.0	0.0	0.0	0.0	0.0	0.0	0.0	0.0	0.0	0.0	0.0	0.0	0.0	0.0	0.0
Sin-CPnd_076-Ex1-10E-lcwgs-1-1.clmp.fp2_repr.R1	0.0	0.0	0.0	0.0	0.0	0.0	0.0	0.0	0.0	0.0	0.0026829431886779796	0.0	0.0	0.0	0.0	0.0	0.0	0.0	0.0	0.0	0.0	0.0	0.0	0.0	0.0	0.0	0.0	0.0	0.005473453749315818	0.0	0.0	0.0	0.0	0.0	0.0	0.0	0.0	0.0
Sin-CPnd_076-Ex1-10E-lcwgs-1-1.clmp.fp2_repr.R2	0.0	0.0	0.0	0.0	0.0	0.0	0.0	0.0	0.0	0.0	0.0	0.0	0.0	0.0	0.0	0.0	0.0	0.0	0.0	0.0	0.0020836371970912424	0.0	0.0	0.0	0.0	0.0	0.0	0.0	0.0	0.0	0.007438262421898245	0.0	0.0	0.0	0.0	0.0	0.0	0.0
Sin-CPnd_079-Ex1-9H-lcwgs-1-1.clmp.fp2_repr.R1	0.0	0.0	0.0	0.0	0.0	0.0	0.0	0.0	0.0	0.0	0.005080381644427167	0.0	0.0	0.0	0.0	0.0	0.0	0.0	0.0	0.0	0.0	0.00012891182946511904	0.0	0.0	0.0	0.0	0.0	0.0009982007431604534	0.0028172823367666614	0.0	0.0	0.0	0.0	0.0	0.0	0.0	0.0	0.0
Sin-CPnd_079-Ex1-9H-lcwgs-1-1.clmp.fp2_repr.R2	0.0	0.0	0.0	0.0	0.0	0.0	0.0	0.0	0.0	0.0	0.0	0.0	0.0	0.00015408166173990555	7.866966450534875e-05	0.0016386095742318813	0.0	9.235691143711049e-05	0.0	0.0004323319444669617	0.003187770296356378	0.0	0.0008594240140258	0.0	0.0	0.0	0.0	0.0	0.0	0.0	0.0018248175182481753	0.0	0.0	0.0	0.003817230980646639	0.00517885547294048	0.0	0.0
Sin-CPnd_080-Ex1-2E-lcwgs-1-1.clmp.fp2_repr.R1	0.0	0.0	0.0	0.0	0.0	0.0	0.0	0.0	0.0	0.0	0.007264472190692394	0.0	0.0	0.0	0.0	0.0	0.0	0.0	0.0	0.0	0.0	0.0	0.0	0.0	0.0	0.0	0.0	0.005223659695983006	0.011219147344801795	0.0	0.0	0.0	0.0	0.0	0.0	0.0	0.0	0.0
Sin-CPnd_080-Ex1-2E-lcwgs-1-1.clmp.fp2_repr.R2	0.0	0.0	0.004540295119182747	0.0	0.0	0.0	0.0	0.0	0.0	0.0	0.0	0.0	0.0	0.0009083147128817192	0.0	0.0028069124898249423	0.0	0.0	0.0	0.002187298358432582	0.009212981090356311	0.0	0.001285760205721633	0.0	0.0	0.0	0.0	0.0	0.0	0.0	0.0021844554152649744	0.002360940598734536	0.0	0.0	0.015724259387382856	0.007017297638679344	0.0	0.0
Sin-CPnd_081-Ex1-10G-lcwgs-1-1.clmp.fp2_repr.R1	0.0	0.0	0.0	0.0	0.0	0.0	0.0	0.0	0.0	0.0	0.0	0.0	0.0	0.0	0.0	0.0	0.0	0.0	0.0	0.0	0.0	0.0	0.0	0.0	0.0	0.0	0.0	0.0	0.0	0.0	0.0	0.0	0.0	0.0	0.0	0.0	0.0	0.0
Sin-CPnd_081-Ex1-10G-lcwgs-1-1.clmp.fp2_repr.R2	0.0	0.0	0.0	0.0	0.0	0.0	0.0	0.0	0.0	0.0	0.0	0.0	0.0	0.0	0.0	0.0	0.0	0.0	0.0	0.0	0.007540340823405218	0.0	0.0	0.0	0.0	0.0	0.0	0.0	0.0	0.0	0.0	0.0	0.0	0.0	0.0	0.0	0.0	0.0
Sin-CPnd_085-Ex1-4H-lcwgs-1-1.clmp.fp2_repr.R1	0.0	0.0	0.0	0.0	0.0	0.0	0.0	0.0	0.0	0.0	0.008598452278589854	0.0	0.0	0.0	0.0	0.0	0.0	0.0	0.0	0.0	0.0	0.0	0.0	0.0	0.0	0.0	0.0	0.013603591348115902	0.0	0.0	0.0	0.0	0.0	0.0	0.0	0.0	0.0	0.0
Sin-CPnd_085-Ex1-4H-lcwgs-1-1.clmp.fp2_repr.R2	0.0	0.0	0.0	0.0	0.0	0.0	0.0	0.0	0.0	0.0	0.0	0.0	0.0	0.0	0.0	0.0	0.0	0.0	0.0	0.0	0.029440628066732092	0.0	0.0	0.0	0.0	0.0	0.0	0.0	0.0	0.0	0.0	0.0	0.0	0.0	0.0	0.0	0.0	0.0
Sin-CPnd_086-Ex1-2A-lcwgs-1-1.clmp.fp2_repr.R1	0.0	0.0	0.0	0.0	0.0	0.0	0.0	0.0	0.0	0.0	0.0	0.0	0.0	0.0	0.0	0.0	0.0	0.0	0.0	0.0	0.0	0.0	0.0	0.0	0.0	0.0	0.0	0.0	0.0	0.0	0.0	0.0	0.0	0.0	0.0	0.0	0.0	0.0
Sin-CPnd_086-Ex1-2A-lcwgs-1-1.clmp.fp2_repr.R2	0.0	0.0	0.0	0.0	0.0	0.0	0.0	0.0	0.0	0.0	0.0	0.0	0.0	0.0	0.0	0.030012004801920768	0.0	0.0	0.0	0.0	0.0	0.0	0.0	0.0	0.0	0.0	0.0	0.0	0.0	0.0	0.0	0.0	0.0	0.0	0.0	0.0	0.0	0.0
Sin-CPnd_087-Ex1-4B-lcwgs-1-1.clmp.fp2_repr.R1	0.0	0.0	0.0	0.0	0.0	0.0	0.0	0.0	0.0	0.0	0.0	0.0	0.0	0.0	0.0	0.0	0.0	0.0	0.0	0.0	0.0	0.0	0.0	0.0	0.0	0.0	0.0	0.0	0.12674271229404308	0.0	0.0	0.0	0.0	0.0	0.0	0.0	0.0	0.0
Sin-CPnd_087-Ex1-4B-lcwgs-1-1.clmp.fp2_repr.R2	0.0	0.0	0.22935779816513763	0.0	0.0	0.0	0.0	0.0	0.0	0.0	0.0	0.0	0.0	0.0	0.0	0.0	0.0	0.0	0.0	0.0	0.0	0.0	0.0	0.0	0.0	0.0	0.0	0.0	0.0	0.0	0.0	0.0	0.0	0.0	0.0	0.0	0.0	0.0
Sin-CPnd_088-Ex1-2D-lcwgs-1-1.clmp.fp2_repr.R1	0.0	0.0	0.0	0.0	0.0	0.0	0.0	0.0	0.0	4.762456332102409e-05	0.0043134247350756095	2.3812281660512044e-05	6.8035090458605845e-06	0.0	3.441383482962966e-06	0.0	0.0	0.0	2.0854778997736004e-05	9.004116366858854e-06	1.957307215025856e-05	2.6740541870340463e-05	0.0	0.0	0.0	0.0	0.0	0.0009924953727335833	0.0025619444661242837	0.0	0.0	0.0	0.0	2.0077874042260312e-05	0.0	0.0	0.0	0.0
Sin-CPnd_088-Ex1-2D-lcwgs-1-1.clmp.fp2_repr.R2	0.0	0.0008164210855032701	0.0033677369777009893	0.00010205263568790876	0.00017008772614651458	0.0	0.0	0.0	8.504386307325729e-05	1.700877261465146e-05	1.3607018091721169e-05	3.4017545229302922e-06	3.401754522930292e-05	0.00012932542937148624	8.61332288801409e-05	0.0016110450700657665	3.6944009285063967e-06	8.21045924930129e-05	0.00010045609578890558	0.0004970472681107306	0.0040768705234549485	2.6846627846084845e-05	0.00137957625784634	0.0	2.8668974758042814e-05	1.5872210925176095e-05	3.5249089009325234e-05	9.790620722416615e-06	0.0	0.0	0.0018701632395021844	3.044924202701822e-05	0.0	0.0	0.004136508373282112	0.003742652141390687	0.0	0.0
Sin-CPnd_089-Ex1-9E-lcwgs-1-1.clmp.fp2_repr.R1	0.0	0.0	0.0	0.0	0.0	0.0	0.0	0.0	0.0	0.0	0.00333263903353468	0.0	0.0	0.0	0.0	0.0	0.0	0.0	0.0	0.0	0.0	0.0	0.0	0.0	0.0	0.0	0.0	0.0	0.004000960230455309	0.0	0.0	0.0	0.00825218682950982	0.0	0.0	0.0	0.0	0.0
Sin-CPnd_089-Ex1-9E-lcwgs-1-1.clmp.fp2_repr.R2	0.0	0.0	0.0083315975838367	0.00416579879191835	0.0	0.0	0.0	0.0	0.0	0.0	0.00083315975838367	0.0	0.00083315975838367	0.0008336668000533546	0.0008457732481921597	0.0008728288382648164	0.0009141352737378077	0.0009702238306377281	0.001045292525113153	0.002282115064241539	0.002531837861103375	0.0	0.0	0.0	0.0	0.0	0.0	0.0	0.0	0.0	0.0	0.0	0.0	0.0	0.0	0.014226774790155071	0.0	0.0
Sin-CPnd_090-Ex1-12F-lcwgs-1-1.clmp.fp2_repr.R1	0.0	0.0	0.0	0.0	0.0	0.0	0.0	0.0	0.0	0.0	0.0	0.0	0.0	0.0	0.0	0.0	0.0	0.0	0.0	0.0	0.0	0.0	0.0	0.0	0.0	0.0	0.0	0.0	0.0	0.0	0.0	0.0	0.0	0.0	0.0	0.0	0.0	0.0
Sin-CPnd_090-Ex1-12F-lcwgs-1-1.clmp.fp2_repr.R2	0.0	0.0	0.0	0.0	0.0	0.0	0.0	0.0	0.0	0.0	0.0	0.0	0.0	0.0	0.0	0.005054078641463661	0.0	0.0	0.0	0.0	0.01328462304882099	0.0	0.015902043412578514	0.0	0.0	0.0	0.0	0.0	0.0	0.0	0.017972681524083396	0.0	0.0	0.0	0.0	0.028604118993135013	0.0	0.0
Sin-CPnd_091-Ex1-1A-lcwgs-1-1.clmp.fp2_repr.R1	0.0	0.0	0.0	0.0	0.0	0.0	0.0	0.0	0.0	0.0	0.02717391304347826	0.0	0.0	0.0	0.0	0.0	0.0	0.0	0.0	0.0	0.0	0.0	0.0	0.0	0.0	0.0	0.0	0.0	0.0	0.0	0.0	0.0	0.0	0.0	0.0	0.0	0.0	0.0
Sin-CPnd_091-Ex1-1A-lcwgs-1-1.clmp.fp2_repr.R2	0.0	0.0	0.1358695652173913	0.0	0.0	0.0	0.0	0.0	0.0	0.0	0.0	0.0	0.0	0.0	0.0	0.0	0.0	0.0	0.0	0.028514399771884805	0.02883506343713956	0.0	0.0	0.0	0.0	0.0	0.0	0.0	0.0	0.0	0.0	0.0	0.0	0.0	0.0	0.0	0.0	0.0
Sin-CPnd_092-Ex1-11F-lcwgs-1-1.clmp.fp2_repr.R1	0.0	0.0	0.0	0.0	0.0	0.0	0.0	0.0	0.0	0.0	0.007092701610043266	0.0	0.0	0.0	0.0	0.0	0.0	0.0	0.0	0.0	0.001893473197886884	0.0	0.0	0.0	0.0	0.0	0.0	0.0033140016570008283	0.0	0.0	0.0	0.0	0.0	0.0	0.0	0.0	0.0	0.0
Sin-CPnd_092-Ex1-11F-lcwgs-1-1.clmp.fp2_repr.R2	0.0	0.007092701610043266	0.007092701610043266	0.0	0.0	0.0	0.0	0.0	0.0	0.0	0.0	0.0	0.0	0.0	0.0	0.0014740131481972818	0.0	0.0	0.0	0.0	0.009506968607989656	0.0	0.0	0.0	0.0	0.0	0.0	0.0	0.0	0.0	0.0	0.0	0.0	0.0	0.006473748948015796	0.0	0.0	0.0
Sin-CPnd_093-Ex1-10C-lcwgs-1-1.clmp.fp2_repr.R1	0.0	0.0	0.0	0.0	0.0	0.0	0.0	0.0	0.0	0.0	0.005701254275940707	0.0	0.0	0.0	0.0	0.0	0.0	0.0	0.0	0.0	0.0	0.0	0.0	0.0	0.0	0.0	0.0	0.0	0.0	0.0	0.0	0.0	0.0	0.0	0.0	0.0	0.0	0.0
Sin-CPnd_093-Ex1-10C-lcwgs-1-1.clmp.fp2_repr.R2	0.0	0.0	0.014253135689851768	0.0	0.0	0.0	0.0	0.0	0.0	0.0	0.0	0.0	0.0	0.0	0.0	0.0	0.0	0.0	0.0	0.0	0.008634832915983076	0.0	0.0	0.0	0.0	0.0	0.0	0.0	0.0	0.0	0.0	0.0	0.0	0.0	0.0	0.0	0.0	0.0
Sin-CPnd_094-Ex1-3H-lcwgs-1-1.clmp.fp2_repr.R1	0.0	0.0	0.0	0.0	0.0	0.0	0.0	0.0	0.0	0.0	0.022822365918600228	0.0	0.0	0.0	0.0	0.0	0.0	0.0	0.0	0.0	0.0	0.0	0.0	0.0	0.0	0.0	0.0	0.0	0.0	0.0	0.0	0.0	0.0	0.0	0.0	0.0	0.0	0.0
Sin-CPnd_094-Ex1-3H-lcwgs-1-1.clmp.fp2_repr.R2	0.0	0.0	0.0	0.0	0.0	0.0	0.0	0.0	0.0	0.0	0.0	0.0	0.0	0.0	0.0	0.0	0.0	0.0	0.0	0.0	0.008534607834769992	0.0	0.0	0.0	0.0	0.0	0.0	0.0	0.0	0.0	0.0	0.0	0.0	0.0	0.0	0.0	0.0	0.0
Sin-CPnd_095-Ex1-2B-lcwgs-1-1.clmp.fp2_repr.R1	0.0	0.0	0.0	0.0	0.0	0.0	0.0	0.0	0.0	0.0	0.005374899220639613	0.0	0.0	0.0	0.0	0.0	0.0	0.0	0.0	0.0	0.0	0.0	0.0	0.0	0.0	0.0	0.0	0.0	0.0	0.0	0.0	0.0	0.0	0.0	0.0	0.0	0.0	0.0
Sin-CPnd_095-Ex1-2B-lcwgs-1-1.clmp.fp2_repr.R2	0.0	0.0	0.0	0.0	0.0	0.0	0.0	0.0	0.0	0.0	0.0	0.0	0.0	0.0	0.0	0.0	0.0	0.0	0.0	0.0	0.0	0.0	0.0	0.0	0.0	0.0	0.0	0.0	0.0	0.0	0.0	0.0	0.0	0.0	0.0	0.0	0.0	0.0
Undetermined.clmp.fp2_repr.R1	0.0	0.0	0.0	4.350913280627627e-06	5.801217707503502e-06	2.900608853751751e-06	0.0	0.0	1.4503044268758756e-06	0.00022102639465588342	0.005560757233527482	4.0898584837899694e-05	9.862070102755954e-05	1.3060277980354783e-05	0.00013987976936270246	2.4220601773809094e-06	1.8564461540278774e-05	1.588168236633282e-05	0.00018538337387449209	0.00014220450912351152	4.705787999914556e-05	0.00012135511677511801	2.6992972984126176e-06	0.0	4.7556752872767835e-05	0.0	3.737718045388755e-05	0.0016579798081670658	0.0035362647798683183	0.0	0.0	2.5637125018190338e-05	0.0001395032445377402	5.309847100828793e-06	0.0	9.227431455870917e-06	0.0	0.0
Undetermined.clmp.fp2_repr.R2	0.0	0.0033632559659251553	0.01315136054291044	0.0007904159126473523	0.0014909129508284	7.2515221343793776e-06	1.4503044268758755e-05	4.3509132806276264e-05	0.0001015213098813113	0.00013342800727258057	0.00013342800727258057	8.643814384180219e-05	0.00011776471946232109	0.0005573856998901504	0.00036361961868260913	0.0017141177071796554	3.631584262961564e-05	0.00022688628829766708	0.0007037138984210822	0.0012347877377206203	0.004601274415368096	7.980041857627026e-05	0.0013280269665031511	4.097899983131379e-05	9.246598661419935e-05	4.7143665488350034e-05	0.00012659584153177825	1.592474813351999e-05	0.0	1.0234882152803473e-05	0.0028027248142069865	0.00012336237261942272	0.0	1.034148675108181e-05	0.005998536980201452	0.005357945999836024	0.0	0.0
