	32	37	42	47	52	57	62	67	72	77	82	87	92	97	102	107	112	117	122	127	132	137	142	147	150
Sin-APnd_001-Ex1-6G-lcwgs-1-1.clmp.fp2_repr.R1	19414.0	77248.0	123763.0	177260.0	238031.0	312675.0	393956.0	467351.0	506275.0	510339.0	485141.0	442269.0	394598.0	342077.0	284977.0	240278.0	197355.0	161459.0	129660.0	107631.0	86058.0	68101.0	45782.0	59439.0	74771.0
	32	37	42	47	52	57	62	67	72	77	82	87	92	97	102	107	112	117	122	127	132	137	142	147	150
Sin-APnd_001-Ex1-6G-lcwgs-1-1.clmp.fp2_repr.R2	24722.0	87537.0	129701.0	180220.0	238626.0	311816.0	392598.0	465913.0	504024.0	508325.0	483091.0	440608.0	393159.0	340472.0	282753.0	237551.0	194403.0	157569.0	125510.0	102211.0	79924.0	62589.0	46916.0	49279.0	106391.0
	32	37	42	47	52	57	62	67	72	77	82	87	92	97	102	107	112	117	122	127	132	137	142	147	150
Sin-APnd_002-Ex1-3G-lcwgs-1-1.clmp.fp2_repr.R1	158623.0	621142.0	904737.0	1173863.0	1446950.0	1799368.0	2241798.0	2685792.0	2946803.0	2993183.0	2849943.0	2601438.0	2335736.0	2023828.0	1674909.0	1387704.0	1130119.0	902631.0	727682.0	598707.0	483497.0	381263.0	254500.0	324130.0	415041.0
	32	37	42	47	52	57	62	67	72	77	82	87	92	97	102	107	112	117	122	127	132	137	142	147	150
Sin-APnd_002-Ex1-3G-lcwgs-1-1.clmp.fp2_repr.R2	186545.0	678254.0	938375.0	1191724.0	1451099.0	1797001.0	2237337.0	2677817.0	2935815.0	2981801.0	2837829.0	2591223.0	2325190.0	2012799.0	1661893.0	1373703.0	1113732.0	884053.0	705002.0	569490.0	450518.0	351974.0	259440.0	265544.0	585229.0
	32	37	42	47	52	57	62	67	72	77	82	87	92	97	102	107	112	117	122	127	132	137	142	147	150
Sin-APnd_003-Ex1-3H-lcwgs-1-1.clmp.fp2_repr.R1	5368.0	21305.0	34577.0	51526.0	71122.0	99272.0	134054.0	171531.0	195355.0	203650.0	197193.0	182233.0	166373.0	145378.0	122239.0	102124.0	83905.0	68375.0	54832.0	45403.0	37039.0	29259.0	19402.0	24989.0	32310.0
	32	37	42	47	52	57	62	67	72	77	82	87	92	97	102	107	112	117	122	127	132	137	142	147	150
Sin-APnd_003-Ex1-3H-lcwgs-1-1.clmp.fp2_repr.R2	7051.0	24847.0	36715.0	52622.0	71415.0	99177.0	133778.0	171346.0	194709.0	203112.0	196445.0	181548.0	165766.0	144741.0	121296.0	101167.0	82680.0	66786.0	52829.0	42952.0	34305.0	26951.0	19955.0	20558.0	46063.0
	32	37	42	47	52	57	62	67	72	77	82	87	92	97	102	107	112	117	122	127	132	137	142	147	150
Sin-APnd_004-Ex1-4A-lcwgs-1-1.clmp.fp2_repr.R1	78781.0	308666.0	452408.0	585140.0	698428.0	826080.0	958076.0	1091391.0	1144449.0	1141192.0	1079501.0	995453.0	897383.0	790344.0	670679.0	587256.0	489356.0	405498.0	329183.0	283824.0	232611.0	191985.0	129570.0	188891.0	260608.0
	32	37	42	47	52	57	62	67	72	77	82	87	92	97	102	107	112	117	122	127	132	137	142	147	150
Sin-APnd_004-Ex1-4A-lcwgs-1-1.clmp.fp2_repr.R2	94641.0	340913.0	471364.0	593374.0	699107.0	823694.0	954442.0	1086888.0	1138233.0	1134843.0	1074401.0	990562.0	892938.0	785153.0	664607.0	579269.0	479478.0	393578.0	314897.0	266353.0	213215.0	173352.0	131012.0	152444.0	367995.0
	32	37	42	47	52	57	62	67	72	77	82	87	92	97	102	107	112	117	122	127	132	137	142	147	150
Sin-APnd_005-Ex1-4B-lcwgs-1-1.clmp.fp2_repr.R1	145259.0	574876.0	822809.0	1045882.0	1221586.0	1390556.0	1558754.0	1708057.0	1752708.0	1708643.0	1593492.0	1429854.0	1251463.0	1078173.0	901825.0	759449.0	619125.0	502359.0	403095.0	331457.0	266593.0	214042.0	143892.0	196506.0	257380.0
	32	37	42	47	52	57	62	67	72	77	82	87	92	97	102	107	112	117	122	127	132	137	142	147	150
Sin-APnd_005-Ex1-4B-lcwgs-1-1.clmp.fp2_repr.R2	162600.0	608628.0	842427.0	1054481.0	1221285.0	1387526.0	1555139.0	1703647.0	1746874.0	1703942.0	1587694.0	1425226.0	1246769.0	1072962.0	895262.0	751581.0	610214.0	491989.0	390001.0	314285.0	246255.0	194599.0	144704.0	159943.0	359802.0
	32	37	42	47	52	57	62	67	72	77	82	87	92	97	102	107	112	117	122	127	132	137	142	147	150
Sin-APnd_006-Ex1-4C-lcwgs-1-1.clmp.fp2_repr.R1	89538.0	363434.0	574951.0	830322.0	1125693.0	1532155.0	2032867.0	2480832.0	2705533.0	2702692.0	2548320.0	2296193.0	2022533.0	1741252.0	1463993.0	1230858.0	1017941.0	830937.0	674135.0	556276.0	454409.0	365064.0	248318.0	329281.0	469685.0
	32	37	42	47	52	57	62	67	72	77	82	87	92	97	102	107	112	117	122	127	132	137	142	147	150
Sin-APnd_006-Ex1-4C-lcwgs-1-1.clmp.fp2_repr.R2	121583.0	427232.0	613698.0	849542.0	1129843.0	1530720.0	2028630.0	2474811.0	2694936.0	2691055.0	2536473.0	2285778.0	2012081.0	1729625.0	1449648.0	1214694.0	999297.0	810162.0	650207.0	526818.0	420433.0	332095.0	249373.0	273674.0	634804.0
	32	37	42	47	52	57	62	67	72	77	82	87	92	97	102	107	112	117	122	127	132	137	142	147	150
Sin-APnd_007-Ex1-4D-lcwgs-1-1.clmp.fp2_repr.R1	90205.0	382925.0	609115.0	835765.0	1045068.0	1260277.0	1467647.0	1640428.0	1697472.0	1655268.0	1552300.0	1400728.0	1241187.0	1084103.0	923321.0	791667.0	664891.0	548820.0	449863.0	377542.0	308562.0	250112.0	169112.0	229776.0	301709.0
	32	37	42	47	52	57	62	67	72	77	82	87	92	97	102	107	112	117	122	127	132	137	142	147	150
Sin-APnd_007-Ex1-4D-lcwgs-1-1.clmp.fp2_repr.R2	108335.0	418111.0	629723.0	846396.0	1045514.0	1257562.0	1463814.0	1635086.0	1691617.0	1649242.0	1546717.0	1396119.0	1237147.0	1078467.0	915152.0	781975.0	652470.0	533916.0	432554.0	355767.0	284767.0	227807.0	172205.0	189763.0	427637.0
	32	37	42	47	52	57	62	67	72	77	82	87	92	97	102	107	112	117	122	127	132	137	142	147	150
Sin-APnd_008-Ex1-4E-lcwgs-1-1.clmp.fp2_repr.R1	46979.0	190510.0	302920.0	433981.0	568524.0	716728.0	858313.0	978165.0	1017612.0	1004622.0	948083.0	856661.0	760538.0	661119.0	560408.0	487067.0	404669.0	335544.0	274026.0	233021.0	191590.0	157704.0	106804.0	157550.0	218890.0
	32	37	42	47	52	57	62	67	72	77	82	87	92	97	102	107	112	117	122	127	132	137	142	147	150
Sin-APnd_008-Ex1-4E-lcwgs-1-1.clmp.fp2_repr.R2	58125.0	213279.0	316534.0	440110.0	568926.0	714756.0	855879.0	975524.0	1013806.0	1001050.0	944312.0	853659.0	757065.0	658044.0	555622.0	480813.0	397391.0	326201.0	262943.0	219472.0	175845.0	141683.0	107672.0	127121.0	306196.0
	32	37	42	47	52	57	62	67	72	77	82	87	92	97	102	107	112	117	122	127	132	137	142	147	150
Sin-APnd_009-Ex1-4F-lcwgs-1-1.clmp.fp2_repr.R1	59963.0	236210.0	353844.0	488864.0	628374.0	785005.0	954173.0	1101886.0	1162659.0	1145434.0	1072627.0	964815.0	844441.0	725353.0	606893.0	510759.0	418615.0	338965.0	271674.0	223331.0	178872.0	143096.0	96524.0	125671.0	158310.0
	32	37	42	47	52	57	62	67	72	77	82	87	92	97	102	107	112	117	122	127	132	137	142	147	150
Sin-APnd_009-Ex1-4F-lcwgs-1-1.clmp.fp2_repr.R2	72054.0	259634.0	367581.0	495070.0	629041.0	783978.0	951897.0	1099220.0	1158281.0	1141189.0	1068336.0	961310.0	841139.0	721531.0	602241.0	504907.0	411926.0	331570.0	262010.0	211813.0	165897.0	130645.0	97664.0	104437.0	222987.0
	32	37	42	47	52	57	62	67	72	77	82	87	92	97	102	107	112	117	122	127	132	137	142	147	150
Sin-APnd_010-Ex1-4G-lcwgs-1-1.clmp.fp2_repr.R1	83438.0	323657.0	480316.0	640867.0	798210.0	984468.0	1183990.0	1374832.0	1470046.0	1477556.0	1407238.0	1290000.0	1159571.0	1016617.0	863232.0	742077.0	621416.0	511184.0	419571.0	355161.0	293100.0	240212.0	163051.0	226732.0	295850.0
	32	37	42	47	52	57	62	67	72	77	82	87	92	97	102	107	112	117	122	127	132	137	142	147	150
Sin-APnd_010-Ex1-4G-lcwgs-1-1.clmp.fp2_repr.R2	99548.0	354615.0	497979.0	648734.0	798532.0	981404.0	1180300.0	1371185.0	1464831.0	1472671.0	1402242.0	1285390.0	1155793.0	1011623.0	857248.0	733253.0	611327.0	497963.0	402899.0	334310.0	269319.0	216639.0	165384.0	184480.0	424723.0
	32	37	42	47	52	57	62	67	72	77	82	87	92	97	102	107	112	117	122	127	132	137	142	147	150
Sin-APnd_011-Ex1-4H-lcwgs-1-1.clmp.fp2_repr.R1	67141.0	262127.0	387912.0	519342.0	640718.0	767012.0	885413.0	985594.0	1013668.0	985459.0	913162.0	816125.0	713805.0	610262.0	509814.0	429911.0	352131.0	285956.0	231574.0	193689.0	159079.0	129478.0	87644.0	129583.0	177934.0
	32	37	42	47	52	57	62	67	72	77	82	87	92	97	102	107	112	117	122	127	132	137	142	147	150
Sin-APnd_011-Ex1-4H-lcwgs-1-1.clmp.fp2_repr.R2	77956.0	282924.0	400326.0	525024.0	640869.0	765658.0	882430.0	982370.0	1009721.0	981485.0	910088.0	812684.0	710865.0	607459.0	505579.0	425131.0	346482.0	279590.0	223244.0	183191.0	145831.0	116397.0	87946.0	103208.0	248075.0
	32	37	42	47	52	57	62	67	72	77	82	87	92	97	102	107	112	117	122	127	132	137	142	147	150
Sin-APnd_012-Ex1-5A-lcwgs-1-1.clmp.fp2_repr.R1	9471.0	38396.0	59749.0	83407.0	105254.0	130542.0	155034.0	177554.0	187812.0	184992.0	174296.0	158661.0	142321.0	125634.0	106334.0	91401.0	77352.0	63039.0	51401.0	43811.0	35905.0	28822.0	19430.0	25817.0	33137.0
	32	37	42	47	52	57	62	67	72	77	82	87	92	97	102	107	112	117	122	127	132	137	142	147	150
Sin-APnd_012-Ex1-5A-lcwgs-1-1.clmp.fp2_repr.R2	11685.0	42910.0	62116.0	84484.0	105425.0	130137.0	154648.0	176939.0	186905.0	184164.0	173565.0	158151.0	141680.0	124843.0	105347.0	90301.0	75952.0	61350.0	49442.0	41220.0	33210.0	26389.0	19746.0	21554.0	47409.0
	32	37	42	47	52	57	62	67	72	77	82	87	92	97	102	107	112	117	122	127	132	137	142	147	150
Sin-APnd_013-Ex1-5B-lcwgs-1-1.clmp.fp2_repr.R1	96617.0	406954.0	643445.0	881880.0	1094856.0	1297122.0	1478704.0	1605882.0	1605793.0	1525121.0	1385561.0	1215247.0	1052466.0	892843.0	741806.0	626713.0	512209.0	416561.0	333782.0	277201.0	221774.0	177969.0	119249.0	157880.0	199418.0
	32	37	42	47	52	57	62	67	72	77	82	87	92	97	102	107	112	117	122	127	132	137	142	147	150
Sin-APnd_013-Ex1-5B-lcwgs-1-1.clmp.fp2_repr.R2	112656.0	439076.0	661836.0	889018.0	1094212.0	1293674.0	1472967.0	1600600.0	1599436.0	1519589.0	1380779.0	1210764.0	1049108.0	888322.0	735675.0	618478.0	502844.0	405043.0	320399.0	261984.0	205456.0	163238.0	122285.0	132169.0	287445.0
	32	37	42	47	52	57	62	67	72	77	82	87	92	97	102	107	112	117	122	127	132	137	142	147	150
Sin-APnd_014-Ex1-5C-lcwgs-1-1.clmp.fp2_repr.R1	67317.0	286681.0	456621.0	624812.0	776133.0	923737.0	1056514.0	1143660.0	1144985.0	1080451.0	974833.0	854350.0	731689.0	615458.0	503321.0	418068.0	334390.0	266406.0	209132.0	169334.0	132714.0	103885.0	68581.0	85380.0	105638.0
	32	37	42	47	52	57	62	67	72	77	82	87	92	97	102	107	112	117	122	127	132	137	142	147	150
Sin-APnd_014-Ex1-5C-lcwgs-1-1.clmp.fp2_repr.R2	78742.0	309290.0	469943.0	631046.0	776030.0	921551.0	1053572.0	1139439.0	1139394.0	1076230.0	970231.0	850735.0	728391.0	611792.0	499486.0	413225.0	329000.0	260235.0	202052.0	161061.0	124109.0	96336.0	70410.0	72412.0	149378.0
	32	37	42	47	52	57	62	67	72	77	82	87	92	97	102	107	112	117	122	127	132	137	142	147	150
Sin-APnd_015-Ex1-5D-lcwgs-1-1.clmp.fp2_repr.R1	34107.0	144844.0	239333.0	349124.0	455030.0	569752.0	672458.0	756009.0	777583.0	755192.0	692917.0	612910.0	533953.0	451990.0	371613.0	307765.0	250634.0	197681.0	157196.0	126615.0	100195.0	78093.0	52113.0	64214.0	77202.0
	32	37	42	47	52	57	62	67	72	77	82	87	92	97	102	107	112	117	122	127	132	137	142	147	150
Sin-APnd_015-Ex1-5D-lcwgs-1-1.clmp.fp2_repr.R2	41617.0	160446.0	248610.0	353588.0	455399.0	568260.0	670183.0	753466.0	774694.0	752239.0	689488.0	610582.0	531338.0	449564.0	368908.0	304259.0	246536.0	193217.0	151950.0	120391.0	93834.0	72881.0	53306.0	54120.0	109647.0
	32	37	42	47	52	57	62	67	72	77	82	87	92	97	102	107	112	117	122	127	132	137	142	147	150
Sin-APnd_016-Ex1-5E-lcwgs-1-1.clmp.fp2_repr.R1	50743.0	210575.0	328547.0	437051.0	525969.0	600136.0	651295.0	680039.0	657081.0	606902.0	537994.0	461449.0	389407.0	324051.0	262279.0	217061.0	172779.0	136005.0	106544.0	86156.0	67460.0	52086.0	34819.0	44053.0	53341.0
	32	37	42	47	52	57	62	67	72	77	82	87	92	97	102	107	112	117	122	127	132	137	142	147	150
Sin-APnd_016-Ex1-5E-lcwgs-1-1.clmp.fp2_repr.R2	57106.0	223046.0	335429.0	439992.0	525405.0	598152.0	649138.0	677361.0	654474.0	604200.0	536044.0	459421.0	388187.0	322386.0	260103.0	214628.0	170004.0	132569.0	102644.0	81715.0	63049.0	48545.0	35890.0	37325.0	77009.0
	32	37	42	47	52	57	62	67	72	77	82	87	92	97	102	107	112	117	122	127	132	137	142	147	150
Sin-APnd_017-Ex1-5F-lcwgs-1-1.clmp.fp2_repr.R1	48775.0	205067.0	325330.0	449528.0	564472.0	671952.0	760882.0	829084.0	831719.0	787349.0	714321.0	626379.0	540419.0	455819.0	374815.0	311771.0	253499.0	202798.0	161308.0	132062.0	104986.0	82962.0	56136.0	71780.0	91121.0
	32	37	42	47	52	57	62	67	72	77	82	87	92	97	102	107	112	117	122	127	132	137	142	147	150
Sin-APnd_017-Ex1-5F-lcwgs-1-1.clmp.fp2_repr.R2	57063.0	221385.0	334695.0	453408.0	564207.0	669939.0	758717.0	826604.0	828125.0	784454.0	711474.0	624051.0	537945.0	453499.0	371790.0	308317.0	249625.0	198464.0	155999.0	125407.0	97792.0	76363.0	57119.0	60444.0	127448.0
	32	37	42	47	52	57	62	67	72	77	82	87	92	97	102	107	112	117	122	127	132	137	142	147	150
Sin-APnd_018-Ex1-5G-lcwgs-1-1.clmp.fp2_repr.R1	77195.0	319234.0	507770.0	707638.0	903773.0	1122639.0	1335677.0	1502148.0	1547473.0	1494309.0	1367208.0	1199415.0	1039506.0	878418.0	720673.0	591421.0	476083.0	379040.0	301273.0	241647.0	190965.0	147515.0	99428.0	120402.0	149312.0
	32	37	42	47	52	57	62	67	72	77	82	87	92	97	102	107	112	117	122	127	132	137	142	147	150
Sin-APnd_018-Ex1-5G-lcwgs-1-1.clmp.fp2_repr.R2	90833.0	345320.0	523180.0	714002.0	903801.0	1119713.0	1331508.0	1498388.0	1542225.0	1488604.0	1362173.0	1195695.0	1036306.0	874199.0	715801.0	585019.0	468210.0	370158.0	291309.0	230182.0	178634.0	137150.0	102332.0	103120.0	212300.0
	32	37	42	47	52	57	62	67	72	77	82	87	92	97	102	107	112	117	122	127	132	137	142	147	150
Sin-APnd_019-Ex1-5H-lcwgs-1-1.clmp.fp2_repr.R1	54312.0	222848.0	355932.0	502240.0	649922.0	803647.0	953310.0	1076904.0	1112710.0	1084085.0	1005177.0	896193.0	781735.0	666828.0	553965.0	464477.0	376653.0	302526.0	240009.0	196275.0	155462.0	122759.0	81989.0	103311.0	128174.0
	32	37	42	47	52	57	62	67	72	77	82	87	92	97	102	107	112	117	122	127	132	137	142	147	150
Sin-APnd_019-Ex1-5H-lcwgs-1-1.clmp.fp2_repr.R2	64964.0	244434.0	368548.0	507736.0	649703.0	801436.0	950035.0	1074214.0	1108622.0	1080167.0	1001560.0	893183.0	778786.0	663451.0	549272.0	458907.0	370142.0	295183.0	231446.0	186180.0	144956.0	113251.0	84176.0	87742.0	183349.0
	32	37	42	47	52	57	62	67	72	77	82	87	92	97	102	107	112	117	122	127	132	137	142	147	150
Sin-APnd_020-Ex1-6A-lcwgs-1-1.clmp.fp2_repr.R1	52590.0	214103.0	341346.0	487483.0	635187.0	785241.0	921874.0	1027712.0	1044532.0	1001373.0	916063.0	815732.0	715887.0	610050.0	499893.0	424062.0	341791.0	277807.0	219699.0	184369.0	146594.0	116632.0	77131.0	100450.0	122824.0
	32	37	42	47	52	57	62	67	72	77	82	87	92	97	102	107	112	117	122	127	132	137	142	147	150
Sin-APnd_020-Ex1-6A-lcwgs-1-1.clmp.fp2_repr.R2	66517.0	242106.0	358317.0	495027.0	635863.0	782311.0	917187.0	1021838.0	1037791.0	995299.0	910392.0	811555.0	711541.0	605689.0	495155.0	418593.0	336359.0	271054.0	211263.0	173694.0	135509.0	106908.0	79077.0	84213.0	177167.0
	32	37	42	47	52	57	62	67	72	77	82	87	92	97	102	107	112	117	122	127	132	137	142	147	150
Sin-APnd_021-Ex1-6B-lcwgs-1-1.clmp.fp2_repr.R1	70056.0	265959.0	389537.0	520173.0	646110.0	786376.0	940450.0	1092118.0	1171194.0	1190070.0	1153633.0	1075948.0	982861.0	878718.0	758744.0	667007.0	564237.0	477908.0	395204.0	343054.0	283492.0	234409.0	159042.0	225178.0	293334.0
	32	37	42	47	52	57	62	67	72	77	82	87	92	97	102	107	112	117	122	127	132	137	142	147	150
Sin-APnd_021-Ex1-6B-lcwgs-1-1.clmp.fp2_repr.R2	85859.0	296969.0	408101.0	529043.0	646826.0	784303.0	937055.0	1088056.0	1166242.0	1184902.0	1148240.0	1072011.0	978652.0	873654.0	752682.0	658535.0	552952.0	464512.0	378616.0	321412.0	259446.0	211330.0	160927.0	183630.0	420857.0
	32	37	42	47	52	57	62	67	72	77	82	87	92	97	102	107	112	117	122	127	132	137	142	147	150
Sin-APnd_022-Ex1-6C-lcwgs-1-1.clmp.fp2_repr.R1	27603.0	114404.0	182193.0	262125.0	342415.0	429320.0	518078.0	598353.0	638007.0	643560.0	617713.0	572204.0	520620.0	459053.0	390702.0	337532.0	283367.0	232416.0	188566.0	158615.0	128631.0	103275.0	69608.0	93141.0	122685.0
	32	37	42	47	52	57	62	67	72	77	82	87	92	97	102	107	112	117	122	127	132	137	142	147	150
Sin-APnd_022-Ex1-6C-lcwgs-1-1.clmp.fp2_repr.R2	35812.0	130267.0	192066.0	266857.0	342960.0	428093.0	516390.0	595960.0	635198.0	640537.0	614975.0	569764.0	518372.0	456316.0	387312.0	333201.0	278247.0	226366.0	181147.0	149708.0	119097.0	95277.0	71112.0	77682.0	171470.0
	32	37	42	47	52	57	62	67	72	77	82	87	92	97	102	107	112	117	122	127	132	137	142	147	150
Sin-APnd_023-Ex1-6D-lcwgs-1-1.clmp.fp2_repr.R1	33837.0	134802.0	218784.0	328450.0	450546.0	594335.0	751223.0	893679.0	969355.0	982729.0	941853.0	871792.0	787187.0	695396.0	594857.0	512456.0	430973.0	361681.0	298713.0	253814.0	208581.0	170559.0	116025.0	157139.0	216128.0
	32	37	42	47	52	57	62	67	72	77	82	87	92	97	102	107	112	117	122	127	132	137	142	147	150
Sin-APnd_023-Ex1-6D-lcwgs-1-1.clmp.fp2_repr.R2	47766.0	162903.0	235790.0	337104.0	452015.0	593527.0	748627.0	890280.0	964284.0	976724.0	936855.0	867218.0	783106.0	690363.0	589007.0	505295.0	422608.0	351628.0	287021.0	238888.0	192112.0	154977.0	117394.0	130757.0	298645.0
	32	37	42	47	52	57	62	67	72	77	82	87	92	97	102	107	112	117	122	127	132	137	142	147	150
Sin-APnd_024-Ex1-6E-lcwgs-1-1.clmp.fp2_repr.R1	9324.0	38530.0	64072.0	97064.0	132455.0	172907.0	213913.0	247943.0	259406.0	254768.0	234848.0	208305.0	181301.0	153538.0	126691.0	106281.0	85941.0	69129.0	54767.0	45083.0	35405.0	27805.0	18482.0	23212.0	28420.0
	32	37	42	47	52	57	62	67	72	77	82	87	92	97	102	107	112	117	122	127	132	137	142	147	150
Sin-APnd_024-Ex1-6E-lcwgs-1-1.clmp.fp2_repr.R2	11973.0	43979.0	67296.0	98599.0	132649.0	172590.0	212973.0	247076.0	258199.0	253517.0	233873.0	207463.0	180268.0	152887.0	125789.0	105175.0	84394.0	67283.0	52722.0	42763.0	32823.0	25871.0	19058.0	19702.0	40668.0
	32	37	42	47	52	57	62	67	72	77	82	87	92	97	102	107	112	117	122	127	132	137	142	147	150
Sin-APnd_025-Ex1-6F-lcwgs-1-1.clmp.fp2_repr.R1	62923.0	253648.0	404497.0	582369.0	776834.0	1002093.0	1248211.0	1461988.0	1560661.0	1544576.0	1445630.0	1295064.0	1139593.0	976353.0	810205.0	673039.0	548958.0	445857.0	356440.0	292119.0	231681.0	182961.0	122023.0	151425.0	187125.0
	32	37	42	47	52	57	62	67	72	77	82	87	92	97	102	107	112	117	122	127	132	137	142	147	150
Sin-APnd_025-Ex1-6F-lcwgs-1-1.clmp.fp2_repr.R2	78286.0	284125.0	422606.0	591188.0	778079.0	1000409.0	1244505.0	1458018.0	1554923.0	1538524.0	1439205.0	1290298.0	1134636.0	970488.0	804279.0	666120.0	540710.0	435812.0	344272.0	277564.0	215354.0	168769.0	124337.0	128039.0	265727.0
	32	37	42	47	52	57	62	67	72	77	82	87	92	97	102	107	112	117	122	127	132	137	142	147	150
Sin-CPnd_010-Ex1-2F-lcwgs-1-1.clmp.fp2_repr.R1	5.0	20.0	49.0	56.0	63.0	73.0	63.0	62.0	49.0	55.0	44.0	40.0	37.0	29.0	24.0	28.0	26.0	25.0	20.0	17.0	20.0	16.0	11.0	23.0	30.0
	32	37	42	47	52	57	62	67	72	77	82	87	92	97	102	107	112	117	122	127	132	137	142	147	150
Sin-CPnd_010-Ex1-2F-lcwgs-1-1.clmp.fp2_repr.R2	4.0	21.0	49.0	56.0	62.0	76.0	63.0	63.0	50.0	54.0	42.0	39.0	38.0	29.0	22.0	26.0	25.0	25.0	22.0	16.0	17.0	13.0	12.0	19.0	42.0
	32	37	42	47	52	57	62	67	72	77	82	87	92	97	102	107	112	117	122	127	132	137	142	147	150
Sin-CPnd_011-Ex1-10H-lcwgs-1-1.clmp.fp2_repr.R1	6.0	50.0	68.0	91.0	91.0	126.0	132.0	155.0	127.0	112.0	107.0	102.0	84.0	82.0	64.0	54.0	35.0	39.0	31.0	20.0	21.0	22.0	20.0	32.0	45.0
	32	37	42	47	52	57	62	67	72	77	82	87	92	97	102	107	112	117	122	127	132	137	142	147	150
Sin-CPnd_011-Ex1-10H-lcwgs-1-1.clmp.fp2_repr.R2	8.0	52.0	74.0	87.0	95.0	125.0	129.0	153.0	122.0	119.0	104.0	100.0	85.0	78.0	67.0	55.0	34.0	40.0	27.0	19.0	22.0	19.0	18.0	19.0	65.0
	32	37	42	47	52	57	62	67	72	77	82	87	92	97	102	107	112	117	122	127	132	137	142	147	150
Sin-CPnd_012-Ex1-2G-lcwgs-1-1.clmp.fp2_repr.R1	4.0	22.0	35.0	44.0	47.0	46.0	54.0	48.0	61.0	40.0	33.0	29.0	36.0	32.0	28.0	23.0	21.0	23.0	19.0	15.0	21.0	6.0	16.0	29.0	38.0
	32	37	42	47	52	57	62	67	72	77	82	87	92	97	102	107	112	117	122	127	132	137	142	147	150
Sin-CPnd_012-Ex1-2G-lcwgs-1-1.clmp.fp2_repr.R2	6.0	25.0	37.0	44.0	46.0	43.0	56.0	48.0	57.0	39.0	36.0	27.0	36.0	35.0	30.0	22.0	21.0	21.0	16.0	10.0	20.0	5.0	18.0	18.0	54.0
	32	37	42	47	52	57	62	67	72	77	82	87	92	97	102	107	112	117	122	127	132	137	142	147	150
Sin-CPnd_013-Ex1-4E-lcwgs-1-1.clmp.fp2_repr.R1	146.0	601.0	830.0	1085.0	1223.0	1238.0	1277.0	1237.0	1195.0	1158.0	1067.0	1047.0	905.0	918.0	887.0	802.0	838.0	803.0	732.0	778.0	809.0	769.0	547.0	1422.0	2658.0
	32	37	42	47	52	57	62	67	72	77	82	87	92	97	102	107	112	117	122	127	132	137	142	147	150
Sin-CPnd_013-Ex1-4E-lcwgs-1-1.clmp.fp2_repr.R2	167.0	638.0	853.0	1102.0	1223.0	1249.0	1279.0	1232.0	1184.0	1159.0	1082.0	1042.0	915.0	907.0	899.0	813.0	804.0	772.0	706.0	680.0	684.0	578.0	467.0	966.0	3571.0
	32	37	42	47	52	57	62	67	72	77	82	87	92	97	102	107	112	117	122	127	132	137	142	147	150
Sin-CPnd_014-Ex1-3F-lcwgs-1-1.clmp.fp2_repr.R1	1.0	3.0	18.0	20.0	16.0	16.0	14.0	17.0	11.0	12.0	8.0	14.0	11.0	17.0	13.0	6.0	7.0	7.0	7.0	3.0	10.0	2.0	2.0	16.0	20.0
	32	37	42	47	52	57	62	67	72	77	82	87	92	97	102	107	112	117	122	127	132	137	142	147	150
Sin-CPnd_014-Ex1-3F-lcwgs-1-1.clmp.fp2_repr.R2	1.0	5.0	17.0	20.0	15.0	15.0	15.0	18.0	10.0	12.0	8.0	12.0	13.0	16.0	11.0	7.0	7.0	7.0	8.0	2.0	9.0	2.0	1.0	9.0	31.0
	32	37	42	47	52	57	62	67	72	77	82	87	92	97	102	107	112	117	122	127	132	137	142	147	150
Sin-CPnd_015-Ex1-4A-lcwgs-1-1.clmp.fp2_repr.R1	127.0	576.0	910.0	1104.0	1241.0	1322.0	1295.0	1291.0	1240.0	1117.0	1082.0	1027.0	945.0	908.0	900.0	863.0	762.0	731.0	713.0	694.0	712.0	691.0	433.0	1209.0	2251.0
	32	37	42	47	52	57	62	67	72	77	82	87	92	97	102	107	112	117	122	127	132	137	142	147	150
Sin-CPnd_015-Ex1-4A-lcwgs-1-1.clmp.fp2_repr.R2	145.0	614.0	917.0	1124.0	1243.0	1324.0	1300.0	1292.0	1236.0	1127.0	1078.0	1035.0	935.0	907.0	908.0	859.0	748.0	718.0	687.0	619.0	592.0	520.0	421.0	857.0	2938.0
	72	74	76	78	80	82	84	86	88	90	92	94	96	98	100	102	104	106	108	110	112	114	116	118	120	122	124	126	128	130	132	134	136	138	140	142	144	146	148	150
Sin-CPnd_016-Ex1-1E-lcwgs-1-1.clmp.fp2_repr.R1	1.0	2.0	0.0	0.0	0.0	0.0	0.0	0.0	0.0	0.0	0.0	0.0	0.0	0.0	0.0	0.0	0.0	0.0	0.0	0.0	1.0	0.0	0.0	0.0	1.0	0.0	0.0	0.0	0.0	0.0	0.0	0.0	0.0	0.0	1.0	0.0	0.0	0.0	1.0	2.0
	72	74	76	78	80	82	84	86	88	90	92	94	96	98	100	102	104	106	108	110	112	114	116	118	120	122	124	126	128	130	132	134	136	138	140	142	144	146	148	150
Sin-CPnd_016-Ex1-1E-lcwgs-1-1.clmp.fp2_repr.R2	1.0	2.0	0.0	0.0	0.0	0.0	0.0	0.0	0.0	0.0	0.0	0.0	0.0	0.0	0.0	0.0	0.0	0.0	0.0	0.0	1.0	0.0	0.0	0.0	1.0	0.0	0.0	0.0	0.0	0.0	0.0	0.0	0.0	0.0	1.0	0.0	0.0	0.0	2.0	1.0
	32	37	42	47	52	57	62	67	72	77	82	87	92	97	102	107	112	117	122	127	132	137	142	147	150
Sin-CPnd_017-Ex1-4G-lcwgs-1-1.clmp.fp2_repr.R1	6.0	48.0	63.0	68.0	68.0	60.0	64.0	60.0	47.0	47.0	51.0	35.0	55.0	41.0	39.0	41.0	26.0	28.0	21.0	20.0	28.0	19.0	16.0	46.0	79.0
	32	37	42	47	52	57	62	67	72	77	82	87	92	97	102	107	112	117	122	127	132	137	142	147	150
Sin-CPnd_017-Ex1-4G-lcwgs-1-1.clmp.fp2_repr.R2	6.0	50.0	64.0	69.0	66.0	62.0	63.0	60.0	49.0	43.0	54.0	36.0	60.0	38.0	38.0	38.0	27.0	31.0	18.0	20.0	22.0	18.0	18.0	27.0	99.0
	32	37	42	47	52	57	62	67	72	77	82	87	92	97	102	107	112	117	122	127	132	137	142	147	150
Sin-CPnd_018-Ex1-11A-lcwgs-1-1.clmp.fp2_repr.R1	61.0	316.0	536.0	828.0	944.0	1071.0	1097.0	1149.0	1156.0	1095.0	1013.0	959.0	944.0	846.0	740.0	703.0	606.0	555.0	523.0	532.0	485.0	472.0	348.0	727.0	1370.0
	32	37	42	47	52	57	62	67	72	77	82	87	92	97	102	107	112	117	122	127	132	137	142	147	150
Sin-CPnd_018-Ex1-11A-lcwgs-1-1.clmp.fp2_repr.R2	75.0	335.0	559.0	833.0	947.0	1090.0	1079.0	1137.0	1151.0	1092.0	1025.0	965.0	945.0	846.0	731.0	702.0	597.0	539.0	495.0	507.0	405.0	371.0	320.0	530.0	1800.0
	32	37	42	47	52	57	62	67	72	77	82	87	92	97	102	107	112	117	122	127	132	137	142	147	150
Sin-CPnd_019-Ex1-1H-lcwgs-1-1.clmp.fp2_repr.R1	111.0	577.0	944.0	1381.0	1744.0	1906.0	2067.0	2002.0	1966.0	1906.0	1801.0	1764.0	1770.0	1596.0	1491.0	1356.0	1229.0	1076.0	1013.0	798.0	733.0	643.0	479.0	700.0	915.0
	32	37	42	47	52	57	62	67	72	77	82	87	92	97	102	107	112	117	122	127	132	137	142	147	150
Sin-CPnd_019-Ex1-1H-lcwgs-1-1.clmp.fp2_repr.R2	144.0	640.0	974.0	1412.0	1742.0	1906.0	2068.0	1986.0	1959.0	1908.0	1807.0	1754.0	1762.0	1570.0	1497.0	1350.0	1215.0	1056.0	965.0	757.0	672.0	568.0	464.0	548.0	1244.0
	32	37	42	47	52	57	62	67	72	77	82	87	92	97	102	107	112	117	122	127	132	137	142	147	150
Sin-CPnd_020-Ex1-12E-lcwgs-1-1.clmp.fp2_repr.R1	16.0	72.0	118.0	142.0	208.0	232.0	251.0	247.0	265.0	287.0	289.0	270.0	241.0	267.0	238.0	224.0	253.0	221.0	227.0	223.0	219.0	250.0	148.0	409.0	760.0
	32	37	42	47	52	57	62	67	72	77	82	87	92	97	102	107	112	117	122	127	132	137	142	147	150
Sin-CPnd_020-Ex1-12E-lcwgs-1-1.clmp.fp2_repr.R2	24.0	83.0	115.0	141.0	206.0	229.0	256.0	253.0	265.0	283.0	289.0	271.0	240.0	275.0	235.0	221.0	251.0	217.0	210.0	190.0	184.0	186.0	141.0	268.0	1044.0
	32	37	42	47	52	57	62	67	72	77	82	87	92	97	102	107	112	117	122	127	132	137	142	147	150
Sin-CPnd_021-Ex1-3D-lcwgs-1-1.clmp.fp2_repr.R1	8225.0	35929.0	54485.0	69344.0	76601.0	79305.0	78918.0	76266.0	72841.0	68591.0	64032.0	58988.0	54509.0	50355.0	45923.0	42155.0	38970.0	36406.0	34938.0	34005.0	33318.0	31553.0	22020.0	48890.0	86573.0
	32	37	42	47	52	57	62	67	72	77	82	87	92	97	102	107	112	117	122	127	132	137	142	147	150
Sin-CPnd_021-Ex1-3D-lcwgs-1-1.clmp.fp2_repr.R2	9178.0	37621.0	55395.0	69913.0	76597.0	79268.0	78754.0	76209.0	72719.0	68466.0	63882.0	59027.0	54533.0	50097.0	45742.0	41769.0	38491.0	35615.0	33304.0	30847.0	28120.0	25108.0	20634.0	34188.0	117663.0
	32	37	42	47	52	57	62	67	72	77	82	87	92	97	102	107	112	117	122	127	132	137	142	147	150
Sin-CPnd_022-Ex1-1D-lcwgs-1-1.clmp.fp2_repr.R1	69.0	328.0	546.0	673.0	889.0	967.0	1010.0	980.0	955.0	959.0	926.0	983.0	924.0	918.0	907.0	821.0	870.0	806.0	882.0	883.0	861.0	960.0	627.0	1620.0	3202.0
	32	37	42	47	52	57	62	67	72	77	82	87	92	97	102	107	112	117	122	127	132	137	142	147	150
Sin-CPnd_022-Ex1-1D-lcwgs-1-1.clmp.fp2_repr.R2	92.0	378.0	583.0	690.0	879.0	969.0	1001.0	976.0	966.0	967.0	928.0	979.0	935.0	924.0	912.0	817.0	882.0	793.0	853.0	804.0	688.0	687.0	537.0	1157.0	4169.0
	32	37	42	47	52	57	62	67	72	77	82	87	92	97	102	107	112	117	122	127	132	137	142	147	150
Sin-CPnd_023-Ex1-12B-lcwgs-1-1.clmp.fp2_repr.R1	48.0	216.0	330.0	421.0	491.0	554.0	567.0	534.0	560.0	546.0	486.0	474.0	417.0	373.0	358.0	254.0	278.0	263.0	236.0	234.0	193.0	170.0	119.0	277.0	472.0
	32	37	42	47	52	57	62	67	72	77	82	87	92	97	102	107	112	117	122	127	132	137	142	147	150
Sin-CPnd_023-Ex1-12B-lcwgs-1-1.clmp.fp2_repr.R2	52.0	235.0	333.0	425.0	492.0	557.0	570.0	535.0	553.0	546.0	487.0	465.0	425.0	366.0	357.0	252.0	278.0	259.0	212.0	206.0	149.0	151.0	109.0	211.0	646.0
	32	37	42	47	52	57	62	67	72	77	82	87	92	97	102	107	112	117	122	127	132	137	142	147	150
Sin-CPnd_024-Ex1-12C-lcwgs-1-1.clmp.fp2_repr.R1	448.0	1917.0	3251.0	4143.0	4905.0	5178.0	5259.0	5206.0	5121.0	4851.0	4499.0	4286.0	4008.0	3495.0	3182.0	2897.0	2599.0	2349.0	2092.0	1883.0	1757.0	1620.0	1163.0	2138.0	3599.0
	32	37	42	47	52	57	62	67	72	77	82	87	92	97	102	107	112	117	122	127	132	137	142	147	150
Sin-CPnd_024-Ex1-12C-lcwgs-1-1.clmp.fp2_repr.R2	501.0	2039.0	3326.0	4160.0	4903.0	5155.0	5252.0	5202.0	5125.0	4841.0	4466.0	4302.0	4004.0	3468.0	3157.0	2870.0	2549.0	2307.0	2028.0	1712.0	1587.0	1376.0	1096.0	1610.0	4810.0
	32	37	42	47	52	57	62	67	72	77	82	87	92	97	102	107	112	117	122	127	132	137	142	147	150
Sin-CPnd_025-Ex1-3B-lcwgs-1-1.clmp.fp2_repr.R1	96.0	356.0	507.0	626.0	648.0	627.0	644.0	551.0	498.0	482.0	420.0	374.0	342.0	317.0	260.0	250.0	218.0	190.0	189.0	159.0	192.0	148.0	99.0	220.0	454.0
	32	37	42	47	52	57	62	67	72	77	82	87	92	97	102	107	112	117	122	127	132	137	142	147	150
Sin-CPnd_025-Ex1-3B-lcwgs-1-1.clmp.fp2_repr.R2	101.0	370.0	511.0	631.0	642.0	630.0	652.0	545.0	496.0	472.0	425.0	369.0	348.0	318.0	265.0	247.0	213.0	184.0	176.0	158.0	159.0	121.0	107.0	156.0	571.0
	32	37	42	47	52	57	62	67	72	77	82	87	92	97	102	107	112	117	122	127	132	137	142	147	150
Sin-CPnd_026-Ex1-1G-lcwgs-1-1.clmp.fp2_repr.R1	1.0	1.0	1.0	1.0	3.0	0.0	3.0	2.0	3.0	4.0	9.0	4.0	9.0	11.0	10.0	5.0	7.0	12.0	12.0	18.0	16.0	24.0	9.0	43.0	74.0
	32	37	42	47	52	57	62	67	72	77	82	87	92	97	102	107	112	117	122	127	132	137	142	147	150
Sin-CPnd_026-Ex1-1G-lcwgs-1-1.clmp.fp2_repr.R2	1.0	2.0	2.0	1.0	5.0	0.0	5.0	2.0	4.0	5.0	7.0	4.0	8.0	10.0	9.0	5.0	7.0	14.0	12.0	12.0	12.0	16.0	8.0	28.0	103.0
	32	37	42	47	52	57	62	67	72	77	82	87	92	97	102	107	112	117	122	127	132	137	142	147	150
Sin-CPnd_027-Ex1-3A-lcwgs-1-1.clmp.fp2_repr.R1	1.0	6.0	5.0	5.0	9.0	9.0	10.0	5.0	12.0	12.0	8.0	7.0	4.0	5.0	7.0	7.0	2.0	3.0	5.0	6.0	3.0	4.0	3.0	7.0	8.0
	32	37	42	47	52	57	62	67	72	77	82	87	92	97	102	107	112	117	122	127	132	137	142	147	150
Sin-CPnd_027-Ex1-3A-lcwgs-1-1.clmp.fp2_repr.R2	1.0	5.0	6.0	6.0	8.0	8.0	11.0	5.0	12.0	12.0	8.0	7.0	4.0	5.0	6.0	7.0	5.0	3.0	4.0	6.0	3.0	2.0	4.0	5.0	10.0
	32	37	42	47	52	57	62	67	72	77	82	87	92	97	102	107	112	117	122	127	132	137	142	147	150
Sin-CPnd_028-Ex1-12H-lcwgs-1-1.clmp.fp2_repr.R1	21.0	60.0	99.0	133.0	159.0	153.0	167.0	192.0	161.0	152.0	156.0	122.0	114.0	112.0	96.0	91.0	60.0	57.0	53.0	51.0	46.0	39.0	18.0	41.0	81.0
	32	37	42	47	52	57	62	67	72	77	82	87	92	97	102	107	112	117	122	127	132	137	142	147	150
Sin-CPnd_028-Ex1-12H-lcwgs-1-1.clmp.fp2_repr.R2	19.0	67.0	102.0	133.0	157.0	145.0	168.0	197.0	163.0	148.0	158.0	118.0	117.0	109.0	98.0	89.0	57.0	58.0	56.0	49.0	37.0	28.0	20.0	40.0	101.0
	32	37	42	47	52	57	62	67	72	77	82	87	92	97	102	107	112	117	122	127	132	137	142	147	150
Sin-CPnd_029-Ex1-4D-lcwgs-1-1.clmp.fp2_repr.R1	157.0	655.0	1003.0	1253.0	1368.0	1429.0	1503.0	1572.0	1530.0	1460.0	1403.0	1271.0	1235.0	1149.0	1017.0	1046.0	1001.0	930.0	902.0	916.0	950.0	989.0	619.0	1638.0	2926.0
	32	37	42	47	52	57	62	67	72	77	82	87	92	97	102	107	112	117	122	127	132	137	142	147	150
Sin-CPnd_029-Ex1-4D-lcwgs-1-1.clmp.fp2_repr.R2	181.0	673.0	1032.0	1284.0	1365.0	1422.0	1508.0	1585.0	1512.0	1460.0	1403.0	1276.0	1240.0	1156.0	1015.0	1034.0	982.0	911.0	868.0	852.0	797.0	755.0	550.0	1176.0	3885.0
	32	37	42	47	52	57	62	67	72	77	82	87	92	97	102	107	112	117	122	127	132	137	142	147	150
Sin-CPnd_030-Ex1-10B-lcwgs-1-1.clmp.fp2_repr.R1	16.0	90.0	161.0	203.0	239.0	277.0	233.0	262.0	294.0	219.0	216.0	216.0	197.0	176.0	147.0	112.0	98.0	98.0	75.0	84.0	61.0	58.0	39.0	75.0	136.0
	32	37	42	47	52	57	62	67	72	77	82	87	92	97	102	107	112	117	122	127	132	137	142	147	150
Sin-CPnd_030-Ex1-10B-lcwgs-1-1.clmp.fp2_repr.R2	18.0	98.0	170.0	199.0	247.0	278.0	230.0	253.0	294.0	220.0	214.0	215.0	195.0	174.0	155.0	106.0	95.0	95.0	71.0	74.0	53.0	47.0	39.0	54.0	188.0
	32	37	42	47	52	57	62	67	72	77	82	87	92	97	102	107	112	117	122	127	132	137	142	147	150
Sin-CPnd_031-Ex1-3G-lcwgs-1-1.clmp.fp2_repr.R1	246.0	929.0	1316.0	1573.0	1606.0	1613.0	1536.0	1400.0	1388.0	1224.0	1230.0	1070.0	989.0	955.0	867.0	752.0	721.0	721.0	722.0	683.0	745.0	721.0	481.0	1288.0	2522.0
	32	37	42	47	52	57	62	67	72	77	82	87	92	97	102	107	112	117	122	127	132	137	142	147	150
Sin-CPnd_031-Ex1-3G-lcwgs-1-1.clmp.fp2_repr.R2	268.0	977.0	1339.0	1569.0	1619.0	1593.0	1521.0	1415.0	1365.0	1240.0	1233.0	1048.0	991.0	960.0	859.0	748.0	723.0	711.0	679.0	625.0	624.0	543.0	423.0	889.0	3336.0
	32	37	42	47	52	57	62	67	72	77	82	87	92	97	102	107	112	117	122	127	132	137	142	147	150
Sin-CPnd_032-Ex1-3E-lcwgs-1-1.clmp.fp2_repr.R1	35.0	147.0	227.0	303.0	350.0	321.0	342.0	355.0	324.0	291.0	278.0	277.0	269.0	276.0	234.0	188.0	231.0	207.0	261.0	227.0	221.0	233.0	135.0	430.0	787.0
	32	37	42	47	52	57	62	67	72	77	82	87	92	97	102	107	112	117	122	127	132	137	142	147	150
Sin-CPnd_032-Ex1-3E-lcwgs-1-1.clmp.fp2_repr.R2	37.0	156.0	234.0	307.0	341.0	318.0	345.0	349.0	324.0	291.0	280.0	275.0	271.0	278.0	234.0	193.0	227.0	204.0	237.0	204.0	172.0	207.0	125.0	288.0	1052.0
	32	37	42	47	52	57	62	67	72	77	82	87	92	97	102	107	112	117	122	127	132	137	142	147	150
Sin-CPnd_033-Ex1-1B-lcwgs-1-1.clmp.fp2_repr.R1	1061.0	4946.0	7748.0	10377.0	12223.0	13076.0	13457.0	13758.0	13996.0	14048.0	14153.0	14194.0	14172.0	14255.0	14388.0	14673.0	15464.0	16040.0	17506.0	19238.0	21984.0	23721.0	15081.0	50164.0	100939.0
	32	37	42	47	52	57	62	67	72	77	82	87	92	97	102	107	112	117	122	127	132	137	142	147	150
Sin-CPnd_033-Ex1-1B-lcwgs-1-1.clmp.fp2_repr.R2	1468.0	5837.0	8303.0	10684.0	12368.0	13169.0	13507.0	13847.0	13986.0	14111.0	14260.0	14295.0	14417.0	14465.0	14511.0	14675.0	15416.0	15970.0	16788.0	16881.0	17029.0	16006.0	12677.0	33101.0	132891.0
	32	37	42	47	52	57	62	67	72	77	82	87	92	97	102	107	112	117	122	127	132	137	142	147	150
Sin-CPnd_034-Ex1-3C-lcwgs-1-1.clmp.fp2_repr.R1	46.0	201.0	349.0	485.0	537.0	597.0	582.0	608.0	590.0	554.0	572.0	501.0	508.0	458.0	478.0	423.0	393.0	378.0	381.0	370.0	347.0	309.0	223.0	471.0	792.0
	32	37	42	47	52	57	62	67	72	77	82	87	92	97	102	107	112	117	122	127	132	137	142	147	150
Sin-CPnd_034-Ex1-3C-lcwgs-1-1.clmp.fp2_repr.R2	55.0	210.0	365.0	486.0	528.0	586.0	586.0	609.0	592.0	561.0	576.0	502.0	517.0	450.0	465.0	423.0	393.0	372.0	374.0	337.0	328.0	253.0	212.0	359.0	1014.0
	32	37	42	47	52	57	62	67	72	77	82	87	92	97	102	107	112	117	122	127	132	137	142	147	150
Sin-CPnd_035-Ex1-12D-lcwgs-1-1.clmp.fp2_repr.R1	20.0	89.0	153.0	176.0	196.0	287.0	301.0	276.0	297.0	295.0	296.0	293.0	250.0	229.0	207.0	202.0	179.0	190.0	155.0	168.0	157.0	156.0	112.0	258.0	462.0
	32	37	42	47	52	57	62	67	72	77	82	87	92	97	102	107	112	117	122	127	132	137	142	147	150
Sin-CPnd_035-Ex1-12D-lcwgs-1-1.clmp.fp2_repr.R2	24.0	104.0	154.0	181.0	190.0	281.0	300.0	281.0	309.0	295.0	283.0	294.0	252.0	232.0	204.0	205.0	184.0	175.0	147.0	147.0	131.0	109.0	97.0	157.0	668.0
	37	42	47	52	57	62	67	72	77	82	87	92	97	102	107	112	117	122	127	132	137	142	147	150
Sin-CPnd_037-Ex1-4F-lcwgs-1-1.clmp.fp2_repr.R1	3.0	5.0	5.0	3.0	2.0	2.0	9.0	3.0	4.0	3.0	3.0	2.0	2.0	3.0	2.0	0.0	1.0	3.0	3.0	1.0	5.0	3.0	5.0	9.0
	37	42	47	52	57	62	67	72	77	82	87	92	97	102	107	112	117	122	127	132	137	142	147	150
Sin-CPnd_037-Ex1-4F-lcwgs-1-1.clmp.fp2_repr.R2	3.0	5.0	5.0	3.0	3.0	1.0	9.0	4.0	3.0	3.0	3.0	2.0	2.0	2.0	2.0	2.0	2.0	3.0	3.0	1.0	1.0	2.0	4.0	13.0
	32	37	42	47	52	57	62	67	72	77	82	87	92	97	102	107	112	117	122	127	132	137	142	147	150
Sin-CPnd_038-Ex1-11C-lcwgs-1-1.clmp.fp2_repr.R1	29.0	130.0	202.0	252.0	363.0	390.0	464.0	499.0	489.0	509.0	480.0	411.0	394.0	331.0	281.0	286.0	224.0	190.0	161.0	147.0	169.0	127.0	81.0	227.0	390.0
	32	37	42	47	52	57	62	67	72	77	82	87	92	97	102	107	112	117	122	127	132	137	142	147	150
Sin-CPnd_038-Ex1-11C-lcwgs-1-1.clmp.fp2_repr.R2	36.0	133.0	206.0	246.0	368.0	387.0	469.0	497.0	493.0	512.0	477.0	420.0	391.0	338.0	278.0	284.0	205.0	179.0	145.0	146.0	140.0	102.0	81.0	163.0	530.0
	32	37	42	47	52	57	62	67	72	77	82	87	92	97	102	107	112	117	122	127	132	137	142	147	150
Sin-CPnd_039-Ex1-10F-lcwgs-1-1.clmp.fp2_repr.R1	14.0	87.0	122.0	181.0	188.0	220.0	244.0	218.0	249.0	220.0	219.0	178.0	171.0	160.0	132.0	119.0	114.0	92.0	80.0	82.0	70.0	78.0	56.0	98.0	189.0
	32	37	42	47	52	57	62	67	72	77	82	87	92	97	102	107	112	117	122	127	132	137	142	147	150
Sin-CPnd_039-Ex1-10F-lcwgs-1-1.clmp.fp2_repr.R2	18.0	100.0	127.0	182.0	198.0	214.0	240.0	216.0	246.0	226.0	212.0	178.0	174.0	162.0	125.0	117.0	114.0	86.0	69.0	74.0	62.0	55.0	48.0	78.0	260.0
	32	37	42	47	52	57	62	67	72	77	82	87	92	97	102	107	112	117	122	127	132	137	142	147	150
Sin-CPnd_040-Ex1-11E-lcwgs-1-1.clmp.fp2_repr.R1	31.0	85.0	109.0	170.0	197.0	223.0	245.0	260.0	261.0	255.0	257.0	254.0	263.0	212.0	223.0	223.0	212.0	222.0	204.0	218.0	228.0	248.0	178.0	424.0	749.0
	32	37	42	47	52	57	62	67	72	77	82	87	92	97	102	107	112	117	122	127	132	137	142	147	150
Sin-CPnd_040-Ex1-11E-lcwgs-1-1.clmp.fp2_repr.R2	33.0	91.0	123.0	169.0	197.0	229.0	246.0	254.0	261.0	255.0	259.0	258.0	266.0	213.0	218.0	226.0	210.0	210.0	190.0	184.0	187.0	180.0	161.0	283.0	1048.0
	32	37	42	47	52	57	62	67	72	77	82	87	92	97	102	107	112	117	122	127	132	137	142	147	150
Sin-CPnd_041-Ex1-1F-lcwgs-1-1.clmp.fp2_repr.R1	3.0	9.0	17.0	31.0	41.0	81.0	97.0	119.0	137.0	166.0	197.0	243.0	266.0	292.0	284.0	306.0	280.0	310.0	261.0	231.0	187.0	157.0	115.0	178.0	202.0
	32	37	42	47	52	57	62	67	72	77	82	87	92	97	102	107	112	117	122	127	132	137	142	147	150
Sin-CPnd_041-Ex1-1F-lcwgs-1-1.clmp.fp2_repr.R2	8.0	24.0	23.0	30.0	42.0	86.0	91.0	122.0	143.0	165.0	199.0	245.0	269.0	285.0	284.0	302.0	271.0	302.0	263.0	211.0	182.0	154.0	115.0	143.0	251.0
	32	37	42	47	52	57	62	67	72	77	82	87	92	97	102	107	112	117	122	127	132	137	142	147	150
Sin-CPnd_042-Ex1-10D-lcwgs-1-1.clmp.fp2_repr.R1	261.0	989.0	1500.0	2066.0	2313.0	2383.0	2504.0	2426.0	2505.0	2399.0	2310.0	2232.0	2114.0	1920.0	1875.0	1663.0	1601.0	1486.0	1435.0	1379.0	1358.0	1290.0	857.0	1899.0	3343.0
	32	37	42	47	52	57	62	67	72	77	82	87	92	97	102	107	112	117	122	127	132	137	142	147	150
Sin-CPnd_042-Ex1-10D-lcwgs-1-1.clmp.fp2_repr.R2	298.0	1085.0	1525.0	2084.0	2301.0	2406.0	2508.0	2416.0	2474.0	2406.0	2314.0	2225.0	2115.0	1911.0	1880.0	1629.0	1583.0	1462.0	1409.0	1239.0	1146.0	1036.0	834.0	1369.0	4453.0
	32	37	42	47	52	57	62	67	72	77	82	87	92	97	102	107	112	117	122	127	132	137	142	147	150
Sin-CPnd_043-Ex1-1C-lcwgs-1-1.clmp.fp2_repr.R1	25.0	93.0	152.0	204.0	279.0	315.0	327.0	327.0	306.0	341.0	322.0	278.0	260.0	260.0	275.0	251.0	227.0	200.0	203.0	224.0	232.0	205.0	161.0	375.0	717.0
	32	37	42	47	52	57	62	67	72	77	82	87	92	97	102	107	112	117	122	127	132	137	142	147	150
Sin-CPnd_043-Ex1-1C-lcwgs-1-1.clmp.fp2_repr.R2	32.0	103.0	153.0	212.0	294.0	315.0	323.0	325.0	315.0	344.0	320.0	281.0	260.0	263.0	272.0	248.0	221.0	198.0	191.0	209.0	183.0	165.0	150.0	277.0	905.0
	32	37	42	47	52	57	62	67	72	77	82	87	92	97	102	107	112	117	122	127	132	137	142	147	150
Sin-CPnd_044-Ex1-2C-lcwgs-1-1.clmp.fp2_repr.R1	5784.0	26059.0	40729.0	52670.0	59263.0	61100.0	60507.0	57640.0	54180.0	49306.0	44720.0	38991.0	35753.0	31364.0	27621.0	24332.0	21836.0	19704.0	18088.0	17275.0	16188.0	14734.0	10510.0	20029.0	35152.0
	32	37	42	47	52	57	62	67	72	77	82	87	92	97	102	107	112	117	122	127	132	137	142	147	150
Sin-CPnd_044-Ex1-2C-lcwgs-1-1.clmp.fp2_repr.R2	6333.0	27077.0	41333.0	52966.0	59291.0	60946.0	60365.0	57569.0	53967.0	49147.0	44632.0	38946.0	35678.0	31266.0	27507.0	24101.0	21520.0	19302.0	17356.0	16088.0	14258.0	12420.0	10089.0	14607.0	46771.0
	32	37	42	47	52	57	62	67	72	77	82	87	92	97	102	107	112	117	122	127	132	137	142	147	150
Sin-CPnd_045-Ex1-11H-lcwgs-1-1.clmp.fp2_repr.R1	18.0	62.0	105.0	158.0	186.0	206.0	217.0	238.0	254.0	238.0	208.0	209.0	169.0	137.0	136.0	115.0	92.0	74.0	78.0	66.0	65.0	43.0	37.0	76.0	125.0
	32	37	42	47	52	57	62	67	72	77	82	87	92	97	102	107	112	117	122	127	132	137	142	147	150
Sin-CPnd_045-Ex1-11H-lcwgs-1-1.clmp.fp2_repr.R2	25.0	70.0	102.0	158.0	191.0	197.0	216.0	237.0	248.0	241.0	213.0	199.0	170.0	138.0	135.0	120.0	95.0	70.0	74.0	56.0	55.0	29.0	41.0	60.0	172.0
	32	37	42	47	52	57	62	67	72	77	82	87	92	97	102	107	112	117	122	127	132	137	142	147	150
Sin-CPnd_049-Ex1-4C-lcwgs-1-1.clmp.fp2_repr.R1	39.0	165.0	270.0	361.0	390.0	420.0	433.0	406.0	382.0	376.0	377.0	369.0	387.0	329.0	367.0	277.0	298.0	250.0	258.0	251.0	262.0	246.0	170.0	332.0	650.0
	32	37	42	47	52	57	62	67	72	77	82	87	92	97	102	107	112	117	122	127	132	137	142	147	150
Sin-CPnd_049-Ex1-4C-lcwgs-1-1.clmp.fp2_repr.R2	48.0	184.0	279.0	364.0	383.0	426.0	431.0	404.0	377.0	380.0	374.0	367.0	396.0	330.0	353.0	276.0	291.0	241.0	245.0	223.0	205.0	199.0	165.0	255.0	869.0
	32	37	42	47	52	57	62	67	72	77	82	87	92	97	102	107	112	117	122	127	132	137	142	147	150
Sin-CPnd_050-Ex1-9B-lcwgs-1-1.clmp.fp2_repr.R1	283.0	1369.0	2030.0	2665.0	3113.0	3478.0	3605.0	3905.0	3770.0	3647.0	3354.0	3019.0	2741.0	2347.0	2054.0	1827.0	1614.0	1338.0	1085.0	1005.0	890.0	777.0	504.0	928.0	1388.0
	32	37	42	47	52	57	62	67	72	77	82	87	92	97	102	107	112	117	122	127	132	137	142	147	150
Sin-CPnd_050-Ex1-9B-lcwgs-1-1.clmp.fp2_repr.R2	312.0	1418.0	2068.0	2680.0	3102.0	3496.0	3621.0	3873.0	3780.0	3630.0	3331.0	3034.0	2729.0	2363.0	2033.0	1824.0	1578.0	1305.0	1058.0	932.0	818.0	673.0	496.0	704.0	1878.0
	32	37	42	47	52	57	62	67	72	77	82	87	92	97	102	107	112	117	122	127	132	137	142	147	150
Sin-CPnd_051-Ex1-12G-lcwgs-1-1.clmp.fp2_repr.R1	33.0	125.0	163.0	195.0	260.0	305.0	318.0	406.0	367.0	346.0	331.0	301.0	251.0	255.0	202.0	193.0	157.0	143.0	151.0	159.0	140.0	134.0	90.0	247.0	473.0
	32	37	42	47	52	57	62	67	72	77	82	87	92	97	102	107	112	117	122	127	132	137	142	147	150
Sin-CPnd_051-Ex1-12G-lcwgs-1-1.clmp.fp2_repr.R2	38.0	137.0	170.0	214.0	255.0	305.0	310.0	407.0	368.0	340.0	334.0	295.0	258.0	243.0	195.0	193.0	149.0	140.0	127.0	136.0	123.0	119.0	91.0	177.0	621.0
	32	37	42	47	52	57	62	67	72	77	82	87	92	97	102	107	112	117	122	127	132	137	142	147	150
Sin-CPnd_053-Ex1-9G-lcwgs-1-1.clmp.fp2_repr.R1	310.0	1369.0	2179.0	3035.0	3547.0	4017.0	4443.0	4730.0	4679.0	4483.0	4299.0	3990.0	3477.0	3068.0	2594.0	2188.0	1888.0	1620.0	1436.0	1170.0	1073.0	916.0	633.0	1078.0	1638.0
	32	37	42	47	52	57	62	67	72	77	82	87	92	97	102	107	112	117	122	127	132	137	142	147	150
Sin-CPnd_053-Ex1-9G-lcwgs-1-1.clmp.fp2_repr.R2	356.0	1472.0	2246.0	3037.0	3566.0	4002.0	4429.0	4759.0	4626.0	4463.0	4291.0	3977.0	3467.0	3045.0	2590.0	2168.0	1865.0	1596.0	1357.0	1099.0	994.0	766.0	617.0	785.0	2287.0
	32	37	42	47	52	57	62	67	72	77	82	87	92	97	102	107	112	117	122	127	132	137	142	147	150
Sin-CPnd_058-Ex1-9D-lcwgs-1-1.clmp.fp2_repr.R1	4473.0	20771.0	36610.0	53842.0	68373.0	78736.0	84700.0	88693.0	90116.0	90344.0	89683.0	86993.0	84487.0	80712.0	75667.0	71078.0	65706.0	61072.0	55964.0	52221.0	48697.0	43709.0	30957.0	54941.0	86500.0
	32	37	42	47	52	57	62	67	72	77	82	87	92	97	102	107	112	117	122	127	132	137	142	147	150
Sin-CPnd_058-Ex1-9D-lcwgs-1-1.clmp.fp2_repr.R2	5768.0	23537.0	38250.0	54637.0	68649.0	78692.0	84741.0	88630.0	89908.0	90197.0	89434.0	86962.0	84568.0	80640.0	75301.0	70350.0	64924.0	59886.0	54091.0	48699.0	43007.0	37111.0	30101.0	41610.0	115352.0
	32	37	42	47	52	57	62	67	72	77	82	87	92	97	102	107	112	117	122	127	132	137	142	147	150
Sin-CPnd_060-Ex1-2H-lcwgs-1-1.clmp.fp2_repr.R1	5.0	29.0	38.0	42.0	42.0	47.0	55.0	45.0	50.0	36.0	38.0	26.0	30.0	26.0	25.0	18.0	25.0	19.0	25.0	22.0	22.0	18.0	12.0	22.0	43.0
	32	37	42	47	52	57	62	67	72	77	82	87	92	97	102	107	112	117	122	127	132	137	142	147	150
Sin-CPnd_060-Ex1-2H-lcwgs-1-1.clmp.fp2_repr.R2	6.0	29.0	37.0	44.0	43.0	48.0	56.0	45.0	50.0	36.0	35.0	27.0	29.0	27.0	23.0	16.0	27.0	20.0	22.0	24.0	18.0	16.0	7.0	11.0	64.0
	32	37	42	47	52	57	62	67	72	77	82	87	92	97	102	107	112	117	122	127	132	137	142	147	150
Sin-CPnd_061-Ex1-9A-lcwgs-1-1.clmp.fp2_repr.R1	156.0	634.0	1045.0	1410.0	1700.0	1890.0	2095.0	2121.0	2139.0	2011.0	1844.0	1725.0	1592.0	1425.0	1179.0	980.0	869.0	854.0	708.0	692.0	601.0	532.0	366.0	800.0	1309.0
	32	37	42	47	52	57	62	67	72	77	82	87	92	97	102	107	112	117	122	127	132	137	142	147	150
Sin-CPnd_061-Ex1-9A-lcwgs-1-1.clmp.fp2_repr.R2	173.0	681.0	1061.0	1414.0	1707.0	1904.0	2089.0	2097.0	2152.0	1992.0	1840.0	1716.0	1601.0	1428.0	1164.0	977.0	856.0	848.0	672.0	630.0	529.0	425.0	356.0	601.0	1764.0
	32	37	42	47	52	57	62	67	72	77	82	87	92	97	102	107	112	117	122	127	132	137	142	147	150
Sin-CPnd_062-Ex1-11D-lcwgs-1-1.clmp.fp2_repr.R1	200.0	804.0	1337.0	1748.0	2268.0	2436.0	2824.0	2872.0	2968.0	2988.0	3089.0	3117.0	3129.0	3084.0	3066.0	2979.0	3020.0	3144.0	3293.0	3790.0	3977.0	4370.0	2664.0	9156.0	18473.0
	32	37	42	47	52	57	62	67	72	77	82	87	92	97	102	107	112	117	122	127	132	137	142	147	150
Sin-CPnd_062-Ex1-11D-lcwgs-1-1.clmp.fp2_repr.R2	269.0	982.0	1434.0	1792.0	2287.0	2465.0	2815.0	2868.0	2973.0	3029.0	3091.0	3135.0	3165.0	3136.0	3075.0	2970.0	3036.0	3057.0	3085.0	3170.0	3084.0	3014.0	2313.0	5987.0	24564.0
	32	37	42	47	52	57	62	67	72	77	82	87	92	97	102	107	112	117	122	127	132	137	142	147	150
Sin-CPnd_063-Ex1-9F-lcwgs-1-1.clmp.fp2_repr.R1	293.0	1223.0	1976.0	2676.0	3249.0	3530.0	3752.0	3884.0	3909.0	3681.0	3464.0	3130.0	2916.0	2561.0	2299.0	1945.0	1724.0	1484.0	1391.0	1348.0	1212.0	1184.0	755.0	1696.0	2786.0
	32	37	42	47	52	57	62	67	72	77	82	87	92	97	102	107	112	117	122	127	132	137	142	147	150
Sin-CPnd_063-Ex1-9F-lcwgs-1-1.clmp.fp2_repr.R2	333.0	1329.0	2022.0	2696.0	3245.0	3552.0	3755.0	3854.0	3920.0	3641.0	3481.0	3109.0	2881.0	2571.0	2294.0	1921.0	1694.0	1432.0	1331.0	1224.0	1067.0	972.0	706.0	1194.0	3844.0
	32	37	42	47	52	57	62	67	72	77	82	87	92	97	102	107	112	117	122	127	132	137	142	147	150
Sin-CPnd_065-Ex1-11B-lcwgs-1-1.clmp.fp2_repr.R1	126.0	500.0	803.0	1019.0	1141.0	1295.0	1254.0	1281.0	1253.0	1152.0	1175.0	1118.0	1081.0	949.0	913.0	816.0	790.0	733.0	744.0	683.0	680.0	627.0	392.0	1037.0	1828.0
	32	37	42	47	52	57	62	67	72	77	82	87	92	97	102	107	112	117	122	127	132	137	142	147	150
Sin-CPnd_065-Ex1-11B-lcwgs-1-1.clmp.fp2_repr.R2	146.0	534.0	843.0	1027.0	1142.0	1298.0	1258.0	1290.0	1249.0	1152.0	1176.0	1106.0	1082.0	945.0	911.0	799.0	792.0	698.0	672.0	606.0	581.0	500.0	401.0	747.0	2435.0
	32	37	42	47	52	57	62	67	72	77	82	87	92	97	102	107	112	117	122	127	132	137	142	147	150
Sin-CPnd_067-Ex1-9C-lcwgs-1-1.clmp.fp2_repr.R1	325.0	1410.0	2337.0	3261.0	4056.0	4621.0	5026.0	5318.0	5327.0	5323.0	5081.0	4691.0	4328.0	3959.0	3679.0	3263.0	3068.0	2810.0	2590.0	2608.0	2595.0	2622.0	1641.0	4231.0	7905.0
	32	37	42	47	52	57	62	67	72	77	82	87	92	97	102	107	112	117	122	127	132	137	142	147	150
Sin-CPnd_067-Ex1-9C-lcwgs-1-1.clmp.fp2_repr.R2	404.0	1578.0	2412.0	3307.0	4073.0	4631.0	5030.0	5325.0	5279.0	5307.0	5098.0	4626.0	4321.0	3973.0	3665.0	3251.0	3052.0	2760.0	2418.0	2311.0	2143.0	1978.0	1522.0	2941.0	10670.0
	32	37	42	47	52	57	62	67	72	77	82	87	92	97	102	107	112	117	122	127	132	137	142	147	150
Sin-CPnd_071-Ex1-10A-lcwgs-1-1.clmp.fp2_repr.R1	8.0	48.0	76.0	109.0	121.0	110.0	126.0	137.0	125.0	130.0	122.0	118.0	117.0	113.0	109.0	95.0	87.0	100.0	81.0	87.0	119.0	88.0	55.0	171.0	327.0
	32	37	42	47	52	57	62	67	72	77	82	87	92	97	102	107	112	117	122	127	132	137	142	147	150
Sin-CPnd_071-Ex1-10A-lcwgs-1-1.clmp.fp2_repr.R2	8.0	46.0	92.0	108.0	112.0	114.0	130.0	140.0	126.0	132.0	123.0	115.0	122.0	106.0	112.0	93.0	89.0	99.0	69.0	71.0	84.0	69.0	58.0	110.0	451.0
	32	37	42	47	52	57	62	67	72	77	82	87	92	97	102	107	112	117	122	127	132	137	142	147	150
Sin-CPnd_074-Ex1-12A-lcwgs-1-1.clmp.fp2_repr.R1	13.0	65.0	93.0	108.0	127.0	142.0	163.0	171.0	171.0	145.0	130.0	128.0	108.0	95.0	83.0	73.0	79.0	48.0	56.0	41.0	33.0	36.0	29.0	47.0	123.0
	32	37	42	47	52	57	62	67	72	77	82	87	92	97	102	107	112	117	122	127	132	137	142	147	150
Sin-CPnd_074-Ex1-12A-lcwgs-1-1.clmp.fp2_repr.R2	13.0	69.0	94.0	107.0	124.0	141.0	162.0	173.0	170.0	143.0	135.0	129.0	102.0	99.0	86.0	72.0	76.0	49.0	51.0	37.0	25.0	27.0	24.0	40.0	159.0
	32	37	42	47	52	57	62	67	72	77	82	87	92	97	102	107	112	117	122	127	132	137	142	147	150
Sin-CPnd_075-Ex1-11G-lcwgs-1-1.clmp.fp2_repr.R1	69.0	246.0	348.0	467.0	562.0	668.0	730.0	722.0	809.0	730.0	696.0	638.0	566.0	514.0	427.0	390.0	336.0	297.0	268.0	226.0	256.0	232.0	169.0	329.0	541.0
	32	37	42	47	52	57	62	67	72	77	82	87	92	97	102	107	112	117	122	127	132	137	142	147	150
Sin-CPnd_075-Ex1-11G-lcwgs-1-1.clmp.fp2_repr.R2	77.0	256.0	362.0	476.0	563.0	661.0	733.0	718.0	809.0	732.0	689.0	643.0	565.0	516.0	424.0	384.0	334.0	286.0	250.0	211.0	195.0	197.0	159.0	232.0	764.0
	32	37	42	47	52	57	62	67	72	77	82	87	92	97	102	107	112	117	122	127	132	137	142	147	150
Sin-CPnd_076-Ex1-10E-lcwgs-1-1.clmp.fp2_repr.R1	95.0	328.0	653.0	878.0	937.0	997.0	975.0	1021.0	917.0	845.0	778.0	703.0	690.0	622.0	596.0	523.0	467.0	395.0	358.0	357.0	318.0	298.0	198.0	324.0	636.0
	32	37	42	47	52	57	62	67	72	77	82	87	92	97	102	107	112	117	122	127	132	137	142	147	150
Sin-CPnd_076-Ex1-10E-lcwgs-1-1.clmp.fp2_repr.R2	100.0	348.0	657.0	890.0	934.0	1002.0	964.0	1032.0	906.0	836.0	777.0	716.0	691.0	618.0	596.0	514.0	461.0	401.0	329.0	322.0	277.0	249.0	193.0	271.0	825.0
	32	37	42	47	52	57	62	67	72	77	82	87	92	97	102	107	112	117	122	127	132	137	142	147	150
Sin-CPnd_079-Ex1-9H-lcwgs-1-1.clmp.fp2_repr.R1	2165.0	8461.0	11663.0	14006.0	15427.0	15832.0	15703.0	15377.0	14945.0	14278.0	13448.0	12538.0	11389.0	10587.0	9547.0	8548.0	7768.0	7224.0	6529.0	6328.0	5966.0	5753.0	3975.0	8172.0	14194.0
	32	37	42	47	52	57	62	67	72	77	82	87	92	97	102	107	112	117	122	127	132	137	142	147	150
Sin-CPnd_079-Ex1-9H-lcwgs-1-1.clmp.fp2_repr.R2	2357.0	8807.0	11915.0	14127.0	15406.0	15854.0	15702.0	15347.0	14925.0	14263.0	13436.0	12529.0	11351.0	10558.0	9495.0	8488.0	7618.0	7052.0	6222.0	5783.0	5207.0	4757.0	3730.0	5968.0	18926.0
	32	37	42	47	52	57	62	67	72	77	82	87	92	97	102	107	112	117	122	127	132	137	142	147	150
Sin-CPnd_080-Ex1-2E-lcwgs-1-1.clmp.fp2_repr.R1	62.0	342.0	531.0	752.0	764.0	835.0	947.0	910.0	879.0	918.0	822.0	835.0	822.0	806.0	785.0	784.0	723.0	739.0	734.0	790.0	866.0	861.0	594.0	1641.0	3283.0
	32	37	42	47	52	57	62	67	72	77	82	87	92	97	102	107	112	117	122	127	132	137	142	147	150
Sin-CPnd_080-Ex1-2E-lcwgs-1-1.clmp.fp2_repr.R2	67.0	378.0	548.0	757.0	777.0	824.0	952.0	914.0	874.0	918.0	819.0	839.0	823.0	810.0	783.0	777.0	710.0	719.0	663.0	734.0	709.0	683.0	563.0	1052.0	4332.0
	32	37	42	47	52	57	62	67	72	77	82	87	92	97	102	107	112	117	122	127	132	137	142	147	150
Sin-CPnd_081-Ex1-10G-lcwgs-1-1.clmp.fp2_repr.R1	15.0	81.0	132.0	208.0	244.0	245.0	263.0	321.0	334.0	304.0	288.0	232.0	213.0	150.0	155.0	125.0	123.0	89.0	67.0	70.0	65.0	58.0	31.0	60.0	103.0
	32	37	42	47	52	57	62	67	72	77	82	87	92	97	102	107	112	117	122	127	132	137	142	147	150
Sin-CPnd_081-Ex1-10G-lcwgs-1-1.clmp.fp2_repr.R2	22.0	82.0	143.0	200.0	250.0	246.0	260.0	322.0	331.0	297.0	281.0	232.0	215.0	155.0	155.0	124.0	118.0	88.0	62.0	63.0	57.0	57.0	34.0	48.0	134.0
	32	37	42	47	52	57	62	67	72	77	82	87	92	97	102	107	112	117	122	127	132	137	142	147	150
Sin-CPnd_085-Ex1-4H-lcwgs-1-1.clmp.fp2_repr.R1	4.0	17.0	29.0	32.0	42.0	60.0	59.0	69.0	93.0	81.0	74.0	78.0	85.0	94.0	98.0	80.0	89.0	91.0	93.0	114.0	133.0	113.0	75.0	192.0	431.0
	32	37	42	47	52	57	62	67	72	77	82	87	92	97	102	107	112	117	122	127	132	137	142	147	150
Sin-CPnd_085-Ex1-4H-lcwgs-1-1.clmp.fp2_repr.R2	6.0	19.0	33.0	36.0	45.0	60.0	58.0	68.0	95.0	78.0	79.0	74.0	89.0	98.0	95.0	85.0	87.0	84.0	86.0	107.0	102.0	83.0	62.0	138.0	559.0
	32	37	42	47	52	57	62	67	72	77	82	87	92	97	102	107	112	117	122	127	132	137	142	147	150
Sin-CPnd_086-Ex1-2A-lcwgs-1-1.clmp.fp2_repr.R1	5.0	15.0	23.0	41.0	46.0	43.0	40.0	43.0	47.0	32.0	45.0	22.0	25.0	34.0	26.0	28.0	22.0	16.0	19.0	18.0	17.0	10.0	11.0	25.0	48.0
	32	37	42	47	52	57	62	67	72	77	82	87	92	97	102	107	112	117	122	127	132	137	142	147	150
Sin-CPnd_086-Ex1-2A-lcwgs-1-1.clmp.fp2_repr.R2	9.0	16.0	24.0	47.0	45.0	45.0	37.0	43.0	46.0	29.0	44.0	21.0	27.0	36.0	24.0	28.0	22.0	12.0	15.0	17.0	12.0	9.0	11.0	22.0	60.0
	32	37	42	47	52	57	62	67	72	77	82	87	92	97	102	107	112	117	122	127	132	137	142	147	150
Sin-CPnd_087-Ex1-4B-lcwgs-1-1.clmp.fp2_repr.R1	2.0	14.0	22.0	20.0	22.0	26.0	15.0	22.0	24.0	25.0	19.0	16.0	19.0	8.0	17.0	17.0	20.0	14.0	12.0	15.0	15.0	16.0	6.0	13.0	37.0
	32	37	42	47	52	57	62	67	72	77	82	87	92	97	102	107	112	117	122	127	132	137	142	147	150
Sin-CPnd_087-Ex1-4B-lcwgs-1-1.clmp.fp2_repr.R2	2.0	16.0	22.0	22.0	21.0	26.0	15.0	21.0	27.0	23.0	19.0	19.0	16.0	8.0	17.0	18.0	16.0	14.0	13.0	16.0	11.0	12.0	6.0	17.0	39.0
	32	37	42	47	52	57	62	67	72	77	82	87	92	97	102	107	112	117	122	127	132	137	142	147	150
Sin-CPnd_088-Ex1-2D-lcwgs-1-1.clmp.fp2_repr.R1	25993.0	119750.0	199077.0	275572.0	324594.0	349777.0	355626.0	352008.0	340180.0	322031.0	299175.0	277455.0	258509.0	237097.0	213326.0	195072.0	181778.0	171127.0	162279.0	159821.0	157171.0	150739.0	105128.0	228262.0	417772.0
	32	37	42	47	52	57	62	67	72	77	82	87	92	97	102	107	112	117	122	127	132	137	142	147	150
Sin-CPnd_088-Ex1-2D-lcwgs-1-1.clmp.fp2_repr.R2	29521.0	126722.0	203202.0	277621.0	324904.0	349408.0	354737.0	351264.0	339576.0	321226.0	298508.0	277522.0	258690.0	236972.0	212509.0	193609.0	179665.0	167114.0	154992.0	146545.0	135003.0	123047.0	99650.0	160032.0	557280.0
	32	37	42	47	52	57	62	67	72	77	82	87	92	97	102	107	112	117	122	127	132	137	142	147	150
Sin-CPnd_089-Ex1-9E-lcwgs-1-1.clmp.fp2_repr.R1	135.0	566.0	886.0	1178.0	1404.0	1573.0	1673.0	1775.0	1704.0	1611.0	1510.0	1336.0	1261.0	1119.0	939.0	831.0	724.0	625.0	552.0	466.0	425.0	342.0	246.0	448.0	676.0
	32	37	42	47	52	57	62	67	72	77	82	87	92	97	102	107	112	117	122	127	132	137	142	147	150
Sin-CPnd_089-Ex1-9E-lcwgs-1-1.clmp.fp2_repr.R2	152.0	598.0	912.0	1184.0	1389.0	1582.0	1684.0	1781.0	1672.0	1620.0	1530.0	1322.0	1246.0	1123.0	936.0	821.0	716.0	601.0	533.0	440.0	368.0	289.0	243.0	327.0	936.0
	32	37	42	47	52	57	62	67	72	77	82	87	92	97	102	107	112	117	122	127	132	137	142	147	150
Sin-CPnd_090-Ex1-12F-lcwgs-1-1.clmp.fp2_repr.R1	23.0	75.0	96.0	165.0	185.0	215.0	223.0	242.0	259.0	242.0	215.0	230.0	190.0	158.0	153.0	149.0	120.0	106.0	96.0	95.0	94.0	96.0	64.0	190.0	424.0
	32	37	42	47	52	57	62	67	72	77	82	87	92	97	102	107	112	117	122	127	132	137	142	147	150
Sin-CPnd_090-Ex1-12F-lcwgs-1-1.clmp.fp2_repr.R2	26.0	83.0	99.0	163.0	187.0	219.0	227.0	228.0	262.0	241.0	222.0	231.0	194.0	157.0	141.0	150.0	118.0	97.0	102.0	90.0	73.0	72.0	57.0	93.0	573.0
	32	37	42	47	52	57	62	67	72	77	82	87	92	97	102	107	112	117	122	127	132	137	142	147	150
Sin-CPnd_091-Ex1-1A-lcwgs-1-1.clmp.fp2_repr.R1	1.0	5.0	3.0	5.0	9.0	3.0	8.0	8.0	8.0	11.0	21.0	23.0	18.0	17.0	27.0	27.0	26.0	31.0	28.0	35.0	45.0	48.0	25.0	114.0	190.0
	32	37	42	47	52	57	62	67	72	77	82	87	92	97	102	107	112	117	122	127	132	137	142	147	150
Sin-CPnd_091-Ex1-1A-lcwgs-1-1.clmp.fp2_repr.R2	3.0	7.0	3.0	7.0	8.0	4.0	7.0	9.0	9.0	12.0	19.0	25.0	18.0	19.0	27.0	24.0	29.0	29.0	26.0	27.0	38.0	27.0	25.0	67.0	267.0
	32	37	42	47	52	57	62	67	72	77	82	87	92	97	102	107	112	117	122	127	132	137	142	147	150
Sin-CPnd_092-Ex1-11F-lcwgs-1-1.clmp.fp2_repr.R1	56.0	299.0	363.0	553.0	607.0	680.0	679.0	741.0	741.0	715.0	646.0	630.0	623.0	523.0	518.0	481.0	448.0	417.0	407.0	407.0	481.0	449.0	283.0	775.0	1577.0
	32	37	42	47	52	57	62	67	72	77	82	87	92	97	102	107	112	117	122	127	132	137	142	147	150
Sin-CPnd_092-Ex1-11F-lcwgs-1-1.clmp.fp2_repr.R2	66.0	317.0	378.0	546.0	609.0	674.0	684.0	752.0	743.0	714.0	641.0	636.0	628.0	529.0	512.0	474.0	445.0	409.0	392.0	357.0	377.0	313.0	253.0	535.0	2115.0
	32	37	42	47	52	57	62	67	72	77	82	87	92	97	102	107	112	117	122	127	132	137	142	147	150
Sin-CPnd_093-Ex1-10C-lcwgs-1-1.clmp.fp2_repr.R1	40.0	186.0	294.0	379.0	386.0	429.0	457.0	479.0	470.0	431.0	392.0	384.0	325.0	304.0	278.0	236.0	201.0	174.0	168.0	157.0	132.0	134.0	99.0	178.0	303.0
	32	37	42	47	52	57	62	67	72	77	82	87	92	97	102	107	112	117	122	127	132	137	142	147	150
Sin-CPnd_093-Ex1-10C-lcwgs-1-1.clmp.fp2_repr.R2	43.0	198.0	295.0	377.0	390.0	425.0	452.0	488.0	472.0	434.0	387.0	379.0	334.0	301.0	264.0	232.0	206.0	169.0	163.0	147.0	128.0	96.0	93.0	130.0	413.0
	32	37	42	47	52	57	62	67	72	77	82	87	92	97	102	107	112	117	122	127	132	137	142	147	150
Sin-CPnd_094-Ex1-3H-lcwgs-1-1.clmp.fp2_repr.R1	3.0	20.0	31.0	31.0	48.0	45.0	57.0	72.0	62.0	74.0	75.0	80.0	81.0	64.0	111.0	89.0	101.0	109.0	109.0	108.0	138.0	138.0	100.0	286.0	597.0
	32	37	42	47	52	57	62	67	72	77	82	87	92	97	102	107	112	117	122	127	132	137	142	147	150
Sin-CPnd_094-Ex1-3H-lcwgs-1-1.clmp.fp2_repr.R2	5.0	30.0	31.0	34.0	50.0	46.0	63.0	68.0	64.0	72.0	71.0	87.0	84.0	65.0	112.0	81.0	102.0	104.0	112.0	97.0	97.0	91.0	91.0	178.0	794.0
	32	37	42	47	52	57	62	67	72	77	82	87	92	97	102	107	112	117	122	127	132	137	142	147	150
Sin-CPnd_095-Ex1-2B-lcwgs-1-1.clmp.fp2_repr.R1	28.0	94.0	163.0	200.0	204.0	211.0	215.0	190.0	197.0	206.0	170.0	193.0	164.0	150.0	138.0	131.0	96.0	106.0	101.0	125.0	73.0	94.0	57.0	139.0	276.0
	32	37	42	47	52	57	62	67	72	77	82	87	92	97	102	107	112	117	122	127	132	137	142	147	150
Sin-CPnd_095-Ex1-2B-lcwgs-1-1.clmp.fp2_repr.R2	27.0	104.0	160.0	201.0	205.0	211.0	214.0	180.0	203.0	206.0	172.0	193.0	166.0	149.0	136.0	135.0	89.0	105.0	93.0	115.0	69.0	73.0	62.0	107.0	346.0
	32	37	42	47	52	57	62	67	72	77	82	87	92	97	102	107	112	117	122	127	132	137	142	147	150
Undetermined.clmp.fp2_repr.R1	437380.0	1615871.0	2231733.0	2879433.0	3463268.0	4056593.0	4636951.0	5144824.0	5323544.0	5268781.0	5075558.0	4633754.0	4028083.0	3484704.0	3069185.0	2697335.0	2213111.0	1837128.0	1476921.0	1201326.0	979126.0	799698.0	522363.0	821174.0	1053197.0
	32	37	42	47	52	57	62	67	72	77	82	87	92	97	102	107	112	117	122	127	132	137	142	147	150
Undetermined.clmp.fp2_repr.R2	609567.0	1950859.0	2452024.0	2992353.0	3495459.0	4051287.0	4603875.0	5090006.0	5251215.0	5193109.0	5000870.0	4561866.0	3967047.0	3429635.0	3010542.0	2629384.0	2148740.0	1768335.0	1402017.0	1109718.0	866184.0	680125.0	509103.0	694557.0	1483164.0

