	23.0	24.0	25.0	26.0	27.0	28.0	29.0	30.0	31.0	32.0	33.0	34.0	35.0	36.0	37.0	38.0	39.0	40.0
Sin-APnd_001-Ex1-6G-lcwgs-1-1.clmp.fp2_repr.R1	10.0	161.0	741.0	2390.0	5010.0	9433.0	14855.0	22705.0	30299.0	41258.0	52554.0	72244.0	101172.0	167046.0	275088.0	536983.0	1994634.0	2619325.0
	22.0	23.0	24.0	25.0	26.0	27.0	28.0	29.0	30.0	31.0	32.0	33.0	34.0	35.0	36.0	37.0	38.0	39.0	40.0
Sin-APnd_001-Ex1-6G-lcwgs-1-1.clmp.fp2_repr.R2	27.0	246.0	1269.0	4081.0	9532.0	15137.0	23239.0	29644.0	36843.0	42507.0	52313.0	61422.0	77670.0	100447.0	154123.0	241128.0	467301.0	1730950.0	2898029.0
	22.0	23.0	24.0	25.0	26.0	27.0	28.0	29.0	30.0	31.0	32.0	33.0	34.0	35.0	36.0	37.0	38.0	39.0	40.0
Sin-APnd_002-Ex1-3G-lcwgs-1-1.clmp.fp2_repr.R1	1.0	50.0	589.0	3043.0	9525.0	20630.0	41220.0	67706.0	105178.0	142662.0	198979.0	256389.0	357342.0	512602.0	857767.0	1435911.0	2872511.0	11360420.0	16820862.0
	21.0	22.0	23.0	24.0	25.0	26.0	27.0	28.0	29.0	30.0	31.0	32.0	33.0	34.0	35.0	36.0	37.0	38.0	39.0	40.0
Sin-APnd_002-Ex1-3G-lcwgs-1-1.clmp.fp2_repr.R2	1.0	115.0	1318.0	7014.0	21402.0	47970.0	77978.0	118324.0	150460.0	191772.0	221805.0	274732.0	322487.0	407958.0	531846.0	817902.0	1302765.0	2580906.0	10261638.0	17724994.0
	23.0	24.0	25.0	26.0	27.0	28.0	29.0	30.0	31.0	32.0	33.0	34.0	35.0	36.0	37.0	38.0	39.0	40.0
Sin-APnd_003-Ex1-3H-lcwgs-1-1.clmp.fp2_repr.R1	2.0	26.0	158.0	587.0	1303.0	2636.0	4365.0	6796.0	9054.0	12887.0	16600.0	23196.0	33797.0	58084.0	98083.0	197491.0	763062.0	1070687.0
	22.0	23.0	24.0	25.0	26.0	27.0	28.0	29.0	30.0	31.0	32.0	33.0	34.0	35.0	36.0	37.0	38.0	39.0	40.0
Sin-APnd_003-Ex1-3H-lcwgs-1-1.clmp.fp2_repr.R2	3.0	81.0	402.0	1264.0	2837.0	4621.0	7201.0	9243.0	12027.0	14018.0	17394.0	20890.0	26609.0	35119.0	55115.0	88276.0	176294.0	695112.0	1132308.0
	22.0	23.0	24.0	25.0	26.0	27.0	28.0	29.0	30.0	31.0	32.0	33.0	34.0	35.0	36.0	37.0	38.0	39.0	40.0
Sin-APnd_004-Ex1-4A-lcwgs-1-1.clmp.fp2_repr.R1	1.0	35.0	431.0	2019.0	6265.0	13465.0	26861.0	42684.0	65170.0	87976.0	119550.0	149237.0	201987.0	278666.0	448736.0	721741.0	1370461.0	4766258.0	6515210.0
	21.0	22.0	23.0	24.0	25.0	26.0	27.0	28.0	29.0	30.0	31.0	32.0	33.0	34.0	35.0	36.0	37.0	38.0	39.0	40.0
Sin-APnd_004-Ex1-4A-lcwgs-1-1.clmp.fp2_repr.R2	2.0	66.0	704.0	3988.0	12616.0	28036.0	45268.0	68292.0	85447.0	107513.0	123711.0	151173.0	173142.0	214485.0	273610.0	407791.0	625533.0	1184582.0	4238205.0	7072589.0
	22.0	23.0	24.0	25.0	26.0	27.0	28.0	29.0	30.0	31.0	32.0	33.0	34.0	35.0	36.0	37.0	38.0	39.0	40.0
Sin-APnd_005-Ex1-4B-lcwgs-1-1.clmp.fp2_repr.R1	1.0	47.0	524.0	2665.0	8624.0	17963.0	34689.0	54337.0	82255.0	109369.0	149676.0	188186.0	256449.0	359022.0	584570.0	950550.0	1862279.0	7051170.0	10165459.0
	21.0	22.0	23.0	24.0	25.0	26.0	27.0	28.0	29.0	30.0	31.0	32.0	33.0	34.0	35.0	36.0	37.0	38.0	39.0	40.0
Sin-APnd_005-Ex1-4B-lcwgs-1-1.clmp.fp2_repr.R2	2.0	92.0	812.0	4692.0	14386.0	32642.0	53415.0	81679.0	103116.0	130217.0	150815.0	186078.0	216354.0	270963.0	350304.0	533528.0	832876.0	1610324.0	6014433.0	11291107.0
	22.0	23.0	24.0	25.0	26.0	27.0	28.0	29.0	30.0	31.0	32.0	33.0	34.0	35.0	36.0	37.0	38.0	39.0	40.0
Sin-APnd_006-Ex1-4C-lcwgs-1-1.clmp.fp2_repr.R1	4.0	45.0	650.0	3616.0	11559.0	24852.0	49684.0	80567.0	124173.0	166285.0	226910.0	283337.0	379391.0	524849.0	832241.0	1323474.0	2507378.0	9446576.0	14701621.0
	22.0	23.0	24.0	25.0	26.0	27.0	28.0	29.0	30.0	31.0	32.0	33.0	34.0	35.0	36.0	37.0	38.0	39.0	40.0
Sin-APnd_006-Ex1-4C-lcwgs-1-1.clmp.fp2_repr.R2	123.0	1300.0	7571.0	23849.0	53422.0	85955.0	129879.0	164136.0	207238.0	239515.0	293503.0	335851.0	416717.0	527010.0	781689.0	1196641.0	2277476.0	8904657.0	15040680.0
	22.0	23.0	24.0	25.0	26.0	27.0	28.0	29.0	30.0	31.0	32.0	33.0	34.0	35.0	36.0	37.0	38.0	39.0	40.0
Sin-APnd_007-Ex1-4D-lcwgs-1-1.clmp.fp2_repr.R1	2.0	37.0	422.0	2146.0	7212.0	15739.0	31083.0	49853.0	77003.0	103370.0	142212.0	180767.0	247200.0	350260.0	576069.0	951442.0	1853781.0	6801720.0	9587545.0
	21.0	22.0	23.0	24.0	25.0	26.0	27.0	28.0	29.0	30.0	31.0	32.0	33.0	34.0	35.0	36.0	37.0	38.0	39.0	40.0
Sin-APnd_007-Ex1-4D-lcwgs-1-1.clmp.fp2_repr.R2	1.0	72.0	772.0	4333.0	13633.0	31594.0	50861.0	78582.0	98429.0	125381.0	144633.0	180551.0	209248.0	265366.0	344027.0	526681.0	827708.0	1611929.0	5932961.0	10531101.0
	22.0	23.0	24.0	25.0	26.0	27.0	28.0	29.0	30.0	31.0	32.0	33.0	34.0	35.0	36.0	37.0	38.0	39.0	40.0
Sin-APnd_008-Ex1-4E-lcwgs-1-1.clmp.fp2_repr.R1	1.0	21.0	306.0	1547.0	5007.0	10785.0	21157.0	33894.0	51503.0	69048.0	94402.0	119589.0	161063.0	225362.0	367180.0	597623.0	1148761.0	4096537.0	5468242.0
	22.0	23.0	24.0	25.0	26.0	27.0	28.0	29.0	30.0	31.0	32.0	33.0	34.0	35.0	36.0	37.0	38.0	39.0	40.0
Sin-APnd_008-Ex1-4E-lcwgs-1-1.clmp.fp2_repr.R2	46.0	504.0	2858.0	9047.0	20794.0	33402.0	51277.0	64103.0	80937.0	93804.0	116333.0	134611.0	168150.0	217097.0	329604.0	512383.0	986724.0	3608691.0	6041663.0
	22.0	23.0	24.0	25.0	26.0	27.0	28.0	29.0	30.0	31.0	32.0	33.0	34.0	35.0	36.0	37.0	38.0	39.0	40.0
Sin-APnd_009-Ex1-4F-lcwgs-1-1.clmp.fp2_repr.R1	3.0	23.0	286.0	1561.0	5006.0	10837.0	20990.0	33440.0	51734.0	69579.0	94660.0	118967.0	162002.0	227412.0	371852.0	605336.0	1182051.0	4506065.0	6134554.0
	21.0	22.0	23.0	24.0	25.0	26.0	27.0	28.0	29.0	30.0	31.0	32.0	33.0	34.0	35.0	36.0	37.0	38.0	39.0	40.0
Sin-APnd_009-Ex1-4F-lcwgs-1-1.clmp.fp2_repr.R2	2.0	45.0	528.0	2932.0	9315.0	21632.0	34989.0	53101.0	67406.0	84771.0	97264.0	120499.0	138898.0	174855.0	225263.0	341879.0	534419.0	1032405.0	3899881.0	6756274.0
	22.0	23.0	24.0	25.0	26.0	27.0	28.0	29.0	30.0	31.0	32.0	33.0	34.0	35.0	36.0	37.0	38.0	39.0	40.0
Sin-APnd_010-Ex1-4G-lcwgs-1-1.clmp.fp2_repr.R1	4.0	41.0	420.0	2287.0	7370.0	15604.0	30265.0	48061.0	73832.0	99164.0	135321.0	171676.0	233075.0	327555.0	537148.0	883636.0	1703869.0	6113554.0	8039510.0
	21.0	22.0	23.0	24.0	25.0	26.0	27.0	28.0	29.0	30.0	31.0	32.0	33.0	34.0	35.0	36.0	37.0	38.0	39.0	40.0
Sin-APnd_010-Ex1-4G-lcwgs-1-1.clmp.fp2_repr.R2	1.0	78.0	715.0	4019.0	12692.0	29092.0	47707.0	72431.0	91486.0	115713.0	134202.0	166880.0	193228.0	243323.0	315682.0	480907.0	756182.0	1468319.0	5382947.0	8906788.0
	22.0	23.0	24.0	25.0	26.0	27.0	28.0	29.0	30.0	31.0	32.0	33.0	34.0	35.0	36.0	37.0	38.0	39.0	40.0
Sin-APnd_011-Ex1-4H-lcwgs-1-1.clmp.fp2_repr.R1	2.0	19.0	280.0	1439.0	4780.0	10242.0	19784.0	31286.0	47804.0	63863.0	86859.0	109501.0	150161.0	210335.0	345642.0	561841.0	1095578.0	4042513.0	5472604.0
	22.0	23.0	24.0	25.0	26.0	27.0	28.0	29.0	30.0	31.0	32.0	33.0	34.0	35.0	36.0	37.0	38.0	39.0	40.0
Sin-APnd_011-Ex1-4H-lcwgs-1-1.clmp.fp2_repr.R2	47.0	499.0	2662.0	8346.0	19262.0	32169.0	48261.0	60993.0	76269.0	89049.0	109331.0	126708.0	159648.0	205012.0	312901.0	489441.0	941808.0	3475910.0	6096217.0
	23.0	24.0	25.0	26.0	27.0	28.0	29.0	30.0	31.0	32.0	33.0	34.0	35.0	36.0	37.0	38.0	39.0	40.0
Sin-APnd_012-Ex1-5A-lcwgs-1-1.clmp.fp2_repr.R1	2.0	54.0	253.0	888.0	1890.0	3613.0	5819.0	8820.0	11898.0	16649.0	20729.0	28323.0	39904.0	66439.0	109083.0	212203.0	761871.0	1021134.0
	22.0	23.0	24.0	25.0	26.0	27.0	28.0	29.0	30.0	31.0	32.0	33.0	34.0	35.0	36.0	37.0	38.0	39.0	40.0
Sin-APnd_012-Ex1-5A-lcwgs-1-1.clmp.fp2_repr.R2	13.0	102.0	521.0	1615.0	3820.0	6114.0	9466.0	11728.0	14947.0	17714.0	21575.0	24902.0	31361.0	40733.0	62180.0	97237.0	185736.0	667797.0	1112011.0
	22.0	23.0	24.0	25.0	26.0	27.0	28.0	29.0	30.0	31.0	32.0	33.0	34.0	35.0	36.0	37.0	38.0	39.0	40.0
Sin-APnd_013-Ex1-5B-lcwgs-1-1.clmp.fp2_repr.R1	1.0	40.0	425.0	2425.0	7597.0	16338.0	31493.0	50005.0	75920.0	101097.0	137020.0	171676.0	232272.0	321188.0	518603.0	829725.0	1603049.0	6017789.0	8850390.0
	21.0	22.0	23.0	24.0	25.0	26.0	27.0	28.0	29.0	30.0	31.0	32.0	33.0	34.0	35.0	36.0	37.0	38.0	39.0	40.0
Sin-APnd_013-Ex1-5B-lcwgs-1-1.clmp.fp2_repr.R2	1.0	89.0	837.0	4452.0	12981.0	29005.0	47777.0	72659.0	92077.0	117029.0	135011.0	167645.0	195026.0	245624.0	315203.0	473792.0	725040.0	1379421.0	5116022.0	9837362.0
	23.0	24.0	25.0	26.0	27.0	28.0	29.0	30.0	31.0	32.0	33.0	34.0	35.0	36.0	37.0	38.0	39.0	40.0
Sin-APnd_014-Ex1-5C-lcwgs-1-1.clmp.fp2_repr.R1	23.0	317.0	1457.0	4900.0	10548.0	20083.0	32087.0	49434.0	65830.0	90042.0	112946.0	153113.0	212506.0	341377.0	545331.0	1057557.0	4134838.0	6301701.0
	21.0	22.0	23.0	24.0	25.0	26.0	27.0	28.0	29.0	30.0	31.0	32.0	33.0	34.0	35.0	36.0	37.0	38.0	39.0	40.0
Sin-APnd_014-Ex1-5C-lcwgs-1-1.clmp.fp2_repr.R2	1.0	51.0	528.0	2887.0	9020.0	20475.0	33062.0	50641.0	64096.0	80142.0	92773.0	114436.0	132971.0	165919.0	212676.0	320338.0	489829.0	928891.0	3514897.0	6900457.0
	23.0	24.0	25.0	26.0	27.0	28.0	29.0	30.0	31.0	32.0	33.0	34.0	35.0	36.0	37.0	38.0	39.0	40.0
Sin-APnd_015-Ex1-5D-lcwgs-1-1.clmp.fp2_repr.R1	18.0	186.0	999.0	3199.0	6610.0	12847.0	20981.0	31941.0	43447.0	58972.0	74032.0	100750.0	141056.0	228588.0	368478.0	717987.0	2825063.0	4193369.0
	21.0	22.0	23.0	24.0	25.0	26.0	27.0	28.0	29.0	30.0	31.0	32.0	33.0	34.0	35.0	36.0	37.0	38.0	39.0	40.0
Sin-APnd_015-Ex1-5D-lcwgs-1-1.clmp.fp2_repr.R2	2.0	41.0	358.0	1922.0	5961.0	13398.0	21647.0	33190.0	42273.0	53160.0	61628.0	76781.0	88925.0	111050.0	142983.0	217103.0	333011.0	636494.0	2415859.0	4572737.0
	22.0	23.0	24.0	25.0	26.0	27.0	28.0	29.0	30.0	31.0	32.0	33.0	34.0	35.0	36.0	37.0	38.0	39.0	40.0
Sin-APnd_016-Ex1-5E-lcwgs-1-1.clmp.fp2_repr.R1	2.0	19.0	174.0	987.0	3076.0	6627.0	12680.0	19864.0	30268.0	40273.0	54732.0	68788.0	92274.0	127704.0	204973.0	324102.0	628376.0	2400618.0	3678285.0
	21.0	22.0	23.0	24.0	25.0	26.0	27.0	28.0	29.0	30.0	31.0	32.0	33.0	34.0	35.0	36.0	37.0	38.0	39.0	40.0
Sin-APnd_016-Ex1-5E-lcwgs-1-1.clmp.fp2_repr.R2	2.0	25.0	311.0	1740.0	5232.0	12066.0	19294.0	29600.0	37470.0	46821.0	53944.0	66315.0	75978.0	95836.0	123274.0	185897.0	281569.0	534166.0	1985134.0	4139148.0
	22.0	23.0	24.0	25.0	26.0	27.0	28.0	29.0	30.0	31.0	32.0	33.0	34.0	35.0	36.0	37.0	38.0	39.0	40.0
Sin-APnd_017-Ex1-5F-lcwgs-1-1.clmp.fp2_repr.R1	2.0	24.0	248.0	1146.0	3703.0	8154.0	15513.0	24878.0	37452.0	50150.0	68097.0	84812.0	115159.0	159242.0	256508.0	410296.0	792056.0	3043869.0	4583025.0
	21.0	22.0	23.0	24.0	25.0	26.0	27.0	28.0	29.0	30.0	31.0	32.0	33.0	34.0	35.0	36.0	37.0	38.0	39.0	40.0
Sin-APnd_017-Ex1-5F-lcwgs-1-1.clmp.fp2_repr.R2	1.0	43.0	386.0	2165.0	6652.0	14825.0	24363.0	37638.0	47170.0	59491.0	68859.0	84901.0	98033.0	122910.0	157358.0	239502.0	364178.0	693173.0	2592092.0	5040594.0
	22.0	23.0	24.0	25.0	26.0	27.0	28.0	29.0	30.0	31.0	32.0	33.0	34.0	35.0	36.0	37.0	38.0	39.0	40.0
Sin-APnd_018-Ex1-5G-lcwgs-1-1.clmp.fp2_repr.R1	1.0	27.0	379.0	1929.0	6259.0	13033.0	25899.0	41473.0	63199.0	83885.0	115707.0	145598.0	197642.0	275902.0	447611.0	721653.0	1404579.0	5474772.0	8400614.0
	21.0	22.0	23.0	24.0	25.0	26.0	27.0	28.0	29.0	30.0	31.0	32.0	33.0	34.0	35.0	36.0	37.0	38.0	39.0	40.0
Sin-APnd_018-Ex1-5G-lcwgs-1-1.clmp.fp2_repr.R2	2.0	66.0	695.0	3467.0	10698.0	24649.0	40163.0	61464.0	78749.0	98700.0	114827.0	143390.0	166246.0	210130.0	271513.0	414281.0	639504.0	1231801.0	4710256.0	9199561.0
	23.0	24.0	25.0	26.0	27.0	28.0	29.0	30.0	31.0	32.0	33.0	34.0	35.0	36.0	37.0	38.0	39.0	40.0
Sin-APnd_019-Ex1-5H-lcwgs-1-1.clmp.fp2_repr.R1	22.0	260.0	1482.0	4747.0	10122.0	20014.0	32052.0	49092.0	66058.0	90458.0	113615.0	153832.0	214018.0	345171.0	555603.0	1069045.0	4102818.0	6063034.0
	21.0	22.0	23.0	24.0	25.0	26.0	27.0	28.0	29.0	30.0	31.0	32.0	33.0	34.0	35.0	36.0	37.0	38.0	39.0	40.0
Sin-APnd_019-Ex1-5H-lcwgs-1-1.clmp.fp2_repr.R2	2.0	59.0	470.0	2801.0	8574.0	19259.0	31377.0	47767.0	61312.0	77807.0	90763.0	112954.0	131356.0	165388.0	212541.0	321034.0	491508.0	936464.0	3561336.0	6618671.0
	23.0	24.0	25.0	26.0	27.0	28.0	29.0	30.0	31.0	32.0	33.0	34.0	35.0	36.0	37.0	38.0	39.0	40.0
Sin-APnd_020-Ex1-6A-lcwgs-1-1.clmp.fp2_repr.R1	33.0	357.0	1726.0	5511.0	11328.0	21973.0	34814.0	53585.0	70944.0	96834.0	120222.0	160690.0	220220.0	350291.0	550294.0	1041322.0	3852220.0	5488061.0
	22.0	23.0	24.0	25.0	26.0	27.0	28.0	29.0	30.0	31.0	32.0	33.0	34.0	35.0	36.0	37.0	38.0	39.0	40.0
Sin-APnd_020-Ex1-6A-lcwgs-1-1.clmp.fp2_repr.R2	49.0	612.0	3442.0	10657.0	24293.0	38626.0	58207.0	72427.0	89904.0	103024.0	124935.0	142551.0	174657.0	220469.0	324925.0	486646.0	903923.0	3307742.0	5993336.0
	22.0	23.0	24.0	25.0	26.0	27.0	28.0	29.0	30.0	31.0	32.0	33.0	34.0	35.0	36.0	37.0	38.0	39.0	40.0
Sin-APnd_021-Ex1-6B-lcwgs-1-1.clmp.fp2_repr.R1	4.0	35.0	451.0	2233.0	7030.0	14661.0	28022.0	43375.0	66581.0	88973.0	121914.0	153406.0	209223.0	291380.0	473436.0	768890.0	1461671.0	5122866.0	6710661.0
	21.0	22.0	23.0	24.0	25.0	26.0	27.0	28.0	29.0	30.0	31.0	32.0	33.0	34.0	35.0	36.0	37.0	38.0	39.0	40.0
Sin-APnd_021-Ex1-6B-lcwgs-1-1.clmp.fp2_repr.R2	1.0	63.0	679.0	3920.0	12308.0	27478.0	43865.0	66510.0	84821.0	106509.0	124709.0	153049.0	177392.0	223667.0	287518.0	430835.0	663155.0	1263491.0	4532524.0	7362318.0
	23.0	24.0	25.0	26.0	27.0	28.0	29.0	30.0	31.0	32.0	33.0	34.0	35.0	36.0	37.0	38.0	39.0	40.0
Sin-APnd_022-Ex1-6C-lcwgs-1-1.clmp.fp2_repr.R1	13.0	163.0	965.0	3233.0	6600.0	12974.0	20631.0	31740.0	42634.0	59004.0	74220.0	101057.0	141439.0	231064.0	374783.0	721987.0	2644742.0	3566937.0
	21.0	22.0	23.0	24.0	25.0	26.0	27.0	28.0	29.0	30.0	31.0	32.0	33.0	34.0	35.0	36.0	37.0	38.0	39.0	40.0
Sin-APnd_022-Ex1-6C-lcwgs-1-1.clmp.fp2_repr.R2	4.0	32.0	329.0	1871.0	5978.0	13625.0	22172.0	33821.0	42252.0	53320.0	61831.0	75888.0	88801.0	110984.0	142522.0	215327.0	330621.0	635199.0	2317958.0	3881651.0
	23.0	24.0	25.0	26.0	27.0	28.0	29.0	30.0	31.0	32.0	33.0	34.0	35.0	36.0	37.0	38.0	39.0	40.0
Sin-APnd_023-Ex1-6D-lcwgs-1-1.clmp.fp2_repr.R1	27.0	263.0	1413.0	4526.0	10029.0	19581.0	31286.0	49082.0	66030.0	90406.0	113885.0	154766.0	215043.0	345112.0	555872.0	1055564.0	3846132.0	5415877.0
	22.0	23.0	24.0	25.0	26.0	27.0	28.0	29.0	30.0	31.0	32.0	33.0	34.0	35.0	36.0	37.0	38.0	39.0	40.0
Sin-APnd_023-Ex1-6D-lcwgs-1-1.clmp.fp2_repr.R2	54.0	581.0	3237.0	10002.0	22335.0	35773.0	53861.0	68064.0	84751.0	98356.0	120478.0	138914.0	172707.0	219658.0	326652.0	497466.0	947827.0	3509068.0	5665110.0
	22.0	23.0	24.0	25.0	26.0	27.0	28.0	29.0	30.0	31.0	32.0	33.0	34.0	35.0	36.0	37.0	38.0	39.0	40.0
Sin-APnd_024-Ex1-6E-lcwgs-1-1.clmp.fp2_repr.R1	1.0	2.0	80.0	353.0	1160.0	2456.0	4684.0	7155.0	11310.0	14974.0	20471.0	25768.0	35033.0	49106.0	80152.0	128163.0	250291.0	954409.0	1304022.0
	21.0	22.0	23.0	24.0	25.0	26.0	27.0	28.0	29.0	30.0	31.0	32.0	33.0	34.0	35.0	36.0	37.0	38.0	39.0	40.0
Sin-APnd_024-Ex1-6E-lcwgs-1-1.clmp.fp2_repr.R2	1.0	11.0	110.0	712.0	2081.0	4744.0	7697.0	11824.0	14962.0	18317.0	21087.0	26138.0	30356.0	37348.0	48431.0	72908.0	112683.0	214129.0	809521.0	1456530.0
	22.0	23.0	24.0	25.0	26.0	27.0	28.0	29.0	30.0	31.0	32.0	33.0	34.0	35.0	36.0	37.0	38.0	39.0	40.0
Sin-APnd_025-Ex1-6F-lcwgs-1-1.clmp.fp2_repr.R1	4.0	34.0	389.0	2027.0	6434.0	13741.0	26274.0	41924.0	64585.0	85602.0	117889.0	148619.0	204130.0	285455.0	466820.0	762767.0	1484633.0	5742809.0	8302137.0
	21.0	22.0	23.0	24.0	25.0	26.0	27.0	28.0	29.0	30.0	31.0	32.0	33.0	34.0	35.0	36.0	37.0	38.0	39.0	40.0
Sin-APnd_025-Ex1-6F-lcwgs-1-1.clmp.fp2_repr.R2	1.0	54.0	643.0	3691.0	11808.0	27120.0	43824.0	66422.0	83420.0	105657.0	121595.0	151994.0	175994.0	222540.0	287452.0	437374.0	678141.0	1311049.0	4991530.0	9035964.0
	26.0	27.0	28.0	29.0	30.0	31.0	32.0	33.0	34.0	35.0	36.0	37.0	38.0	39.0	40.0
Sin-CPnd_010-Ex1-2F-lcwgs-1-1.clmp.fp2_repr.R1	1.0	0.0	6.0	0.0	1.0	1.0	3.0	6.0	10.0	12.0	19.0	47.0	87.0	283.0	409.0
	26.0	27.0	28.0	29.0	30.0	31.0	32.0	33.0	34.0	35.0	36.0	37.0	38.0	39.0	40.0
Sin-CPnd_010-Ex1-2F-lcwgs-1-1.clmp.fp2_repr.R2	1.0	0.0	5.0	4.0	2.0	5.0	3.0	7.0	14.0	13.0	16.0	29.0	63.0	278.0	445.0
	26.0	27.0	28.0	29.0	30.0	31.0	32.0	33.0	34.0	35.0	36.0	37.0	38.0	39.0	40.0
Sin-CPnd_011-Ex1-10H-lcwgs-1-1.clmp.fp2_repr.R1	1.0	0.0	1.0	1.0	5.0	6.0	5.0	15.0	15.0	26.0	47.0	74.0	170.0	561.0	789.0
	24.0	25.0	26.0	27.0	28.0	29.0	30.0	31.0	32.0	33.0	34.0	35.0	36.0	37.0	38.0	39.0	40.0
Sin-CPnd_011-Ex1-10H-lcwgs-1-1.clmp.fp2_repr.R2	1.0	2.0	2.0	4.0	4.0	4.0	13.0	14.0	9.0	12.0	24.0	21.0	38.0	71.0	133.0	499.0	865.0
	25.0	26.0	27.0	28.0	29.0	30.0	31.0	32.0	33.0	34.0	35.0	36.0	37.0	38.0	39.0	40.0
Sin-CPnd_012-Ex1-2G-lcwgs-1-1.clmp.fp2_repr.R1	1.0	0.0	1.0	1.0	1.0	3.0	4.0	2.0	7.0	9.0	11.0	19.0	49.0	83.0	292.0	287.0
	26.0	27.0	28.0	29.0	30.0	31.0	32.0	33.0	34.0	35.0	36.0	37.0	38.0	39.0	40.0
Sin-CPnd_012-Ex1-2G-lcwgs-1-1.clmp.fp2_repr.R2	1.0	3.0	2.0	4.0	6.0	4.0	3.0	8.0	8.0	17.0	19.0	30.0	79.0	230.0	356.0
	22.0	23.0	24.0	25.0	26.0	27.0	28.0	29.0	30.0	31.0	32.0	33.0	34.0	35.0	36.0	37.0	38.0	39.0	40.0
Sin-CPnd_013-Ex1-4E-lcwgs-1-1.clmp.fp2_repr.R1	1.0	0.0	1.0	1.0	6.0	10.0	24.0	41.0	79.0	99.0	149.0	186.0	267.0	442.0	898.0	1811.0	3416.0	8161.0	9380.0
	23.0	24.0	25.0	26.0	27.0	28.0	29.0	30.0	31.0	32.0	33.0	34.0	35.0	36.0	37.0	38.0	39.0	40.0
Sin-CPnd_013-Ex1-4E-lcwgs-1-1.clmp.fp2_repr.R2	1.0	8.0	13.0	31.0	54.0	59.0	101.0	125.0	148.0	215.0	245.0	360.0	503.0	855.0	1602.0	3189.0	7498.0	9965.0
	29.0	30.0	31.0	32.0	33.0	34.0	35.0	36.0	37.0	38.0	39.0	40.0
Sin-CPnd_014-Ex1-3F-lcwgs-1-1.clmp.fp2_repr.R1	1.0	0.0	2.0	1.0	1.0	3.0	3.0	9.0	13.0	37.0	87.0	114.0
	25.0	26.0	27.0	28.0	29.0	30.0	31.0	32.0	33.0	34.0	35.0	36.0	37.0	38.0	39.0	40.0
Sin-CPnd_014-Ex1-3F-lcwgs-1-1.clmp.fp2_repr.R2	1.0	0.0	1.0	1.0	0.0	0.0	4.0	1.0	1.0	2.0	5.0	2.0	9.0	40.0	80.0	124.0
	25.0	26.0	27.0	28.0	29.0	30.0	31.0	32.0	33.0	34.0	35.0	36.0	37.0	38.0	39.0	40.0
Sin-CPnd_015-Ex1-4A-lcwgs-1-1.clmp.fp2_repr.R1	3.0	3.0	13.0	17.0	44.0	77.0	98.0	137.0	183.0	297.0	474.0	807.0	1649.0	3114.0	7958.0	9270.0
	23.0	24.0	25.0	26.0	27.0	28.0	29.0	30.0	31.0	32.0	33.0	34.0	35.0	36.0	37.0	38.0	39.0	40.0
Sin-CPnd_015-Ex1-4A-lcwgs-1-1.clmp.fp2_repr.R2	1.0	2.0	21.0	31.0	42.0	89.0	78.0	138.0	172.0	189.0	247.0	342.0	482.0	855.0	1460.0	2964.0	7090.0	9941.0
	37.0	38.0	39.0
Sin-CPnd_016-Ex1-1E-lcwgs-1-1.clmp.fp2_repr.R1	1.0	2.0	6.0
	38.0	39.0	40.0
Sin-CPnd_016-Ex1-1E-lcwgs-1-1.clmp.fp2_repr.R2	3.0	4.0	2.0
	26.0	27.0	28.0	29.0	30.0	31.0	32.0	33.0	34.0	35.0	36.0	37.0	38.0	39.0	40.0
Sin-CPnd_017-Ex1-4G-lcwgs-1-1.clmp.fp2_repr.R1	1.0	0.0	0.0	1.0	1.0	1.0	3.0	10.0	12.0	15.0	47.0	65.0	130.0	340.0	450.0
	25.0	26.0	27.0	28.0	29.0	30.0	31.0	32.0	33.0	34.0	35.0	36.0	37.0	38.0	39.0	40.0
Sin-CPnd_017-Ex1-4G-lcwgs-1-1.clmp.fp2_repr.R2	1.0	0.0	1.0	4.0	6.0	7.0	10.0	7.0	11.0	17.0	23.0	27.0	64.0	128.0	254.0	516.0
	25.0	26.0	27.0	28.0	29.0	30.0	31.0	32.0	33.0	34.0	35.0	36.0	37.0	38.0	39.0	40.0
Sin-CPnd_018-Ex1-11A-lcwgs-1-1.clmp.fp2_repr.R1	1.0	8.0	6.0	17.0	31.0	60.0	84.0	113.0	141.0	199.0	345.0	619.0	1142.0	2280.0	6171.0	7859.0
	24.0	25.0	26.0	27.0	28.0	29.0	30.0	31.0	32.0	33.0	34.0	35.0	36.0	37.0	38.0	39.0	40.0
Sin-CPnd_018-Ex1-11A-lcwgs-1-1.clmp.fp2_repr.R2	4.0	11.0	17.0	40.0	64.0	86.0	115.0	140.0	153.0	201.0	252.0	373.0	586.0	1023.0	2102.0	5750.0	8159.0
	24.0	25.0	26.0	27.0	28.0	29.0	30.0	31.0	32.0	33.0	34.0	35.0	36.0	37.0	38.0	39.0	40.0
Sin-CPnd_019-Ex1-1H-lcwgs-1-1.clmp.fp2_repr.R1	1.0	0.0	6.0	11.0	32.0	65.0	81.0	95.0	162.0	225.0	317.0	501.0	854.0	1512.0	3119.0	10594.0	14393.0
	23.0	24.0	25.0	26.0	27.0	28.0	29.0	30.0	31.0	32.0	33.0	34.0	35.0	36.0	37.0	38.0	39.0	40.0
Sin-CPnd_019-Ex1-1H-lcwgs-1-1.clmp.fp2_repr.R2	2.0	5.0	11.0	36.0	67.0	101.0	136.0	172.0	178.0	244.0	300.0	426.0	593.0	818.0	1478.0	2967.0	9530.0	14904.0
	25.0	26.0	27.0	28.0	29.0	30.0	31.0	32.0	33.0	34.0	35.0	36.0	37.0	38.0	39.0	40.0
Sin-CPnd_020-Ex1-12E-lcwgs-1-1.clmp.fp2_repr.R1	2.0	1.0	2.0	7.0	14.0	12.0	22.0	36.0	39.0	66.0	99.0	251.0	432.0	956.0	2098.0	2040.0
	23.0	24.0	25.0	26.0	27.0	28.0	29.0	30.0	31.0	32.0	33.0	34.0	35.0	36.0	37.0	38.0	39.0	40.0
Sin-CPnd_020-Ex1-12E-lcwgs-1-1.clmp.fp2_repr.R2	1.0	0.0	2.0	1.0	10.0	13.0	19.0	38.0	33.0	42.0	57.0	74.0	122.0	220.0	430.0	829.0	1998.0	2188.0
	23.0	24.0	25.0	26.0	27.0	28.0	29.0	30.0	31.0	32.0	33.0	34.0	35.0	36.0	37.0	38.0	39.0	40.0
Sin-CPnd_021-Ex1-3D-lcwgs-1-1.clmp.fp2_repr.R1	3.0	16.0	72.0	281.0	628.0	1296.0	2101.0	3394.0	4584.0	6762.0	8968.0	13357.0	20842.0	39407.0	76373.0	151529.0	417186.0	556341.0
	22.0	23.0	24.0	25.0	26.0	27.0	28.0	29.0	30.0	31.0	32.0	33.0	34.0	35.0	36.0	37.0	38.0	39.0	40.0
Sin-CPnd_021-Ex1-3D-lcwgs-1-1.clmp.fp2_repr.R2	4.0	31.0	206.0	679.0	1424.0	2419.0	3644.0	4854.0	6137.0	7461.0	9617.0	11606.0	16039.0	22679.0	37693.0	65645.0	135726.0	378279.0	598997.0
	25.0	26.0	27.0	28.0	29.0	30.0	31.0	32.0	33.0	34.0	35.0	36.0	37.0	38.0	39.0	40.0
Sin-CPnd_022-Ex1-1D-lcwgs-1-1.clmp.fp2_repr.R1	3.0	13.0	9.0	23.0	44.0	56.0	94.0	127.0	198.0	295.0	476.0	975.0	1869.0	3753.0	7839.0	7792.0
	23.0	24.0	25.0	26.0	27.0	28.0	29.0	30.0	31.0	32.0	33.0	34.0	35.0	36.0	37.0	38.0	39.0	40.0
Sin-CPnd_022-Ex1-1D-lcwgs-1-1.clmp.fp2_repr.R2	2.0	0.0	19.0	29.0	42.0	86.0	88.0	130.0	148.0	202.0	260.0	365.0	529.0	987.0	1761.0	3520.0	7419.0	7979.0
	26.0	27.0	28.0	29.0	30.0	31.0	32.0	33.0	34.0	35.0	36.0	37.0	38.0	39.0	40.0
Sin-CPnd_023-Ex1-12B-lcwgs-1-1.clmp.fp2_repr.R1	2.0	3.0	15.0	26.0	38.0	35.0	60.0	68.0	89.0	185.0	254.0	507.0	1010.0	2789.0	3790.0
	24.0	25.0	26.0	27.0	28.0	29.0	30.0	31.0	32.0	33.0	34.0	35.0	36.0	37.0	38.0	39.0	40.0
Sin-CPnd_023-Ex1-12B-lcwgs-1-1.clmp.fp2_repr.R2	1.0	4.0	14.0	17.0	34.0	40.0	45.0	57.0	68.0	80.0	116.0	167.0	249.0	430.0	847.0	2507.0	4195.0
	24.0	25.0	26.0	27.0	28.0	29.0	30.0	31.0	32.0	33.0	34.0	35.0	36.0	37.0	38.0	39.0	40.0
Sin-CPnd_024-Ex1-12C-lcwgs-1-1.clmp.fp2_repr.R1	2.0	3.0	20.0	41.0	77.0	107.0	212.0	313.0	391.0	527.0	767.0	1307.0	2163.0	3988.0	8338.0	26600.0	36990.0
	23.0	24.0	25.0	26.0	27.0	28.0	29.0	30.0	31.0	32.0	33.0	34.0	35.0	36.0	37.0	38.0	39.0	40.0
Sin-CPnd_024-Ex1-12C-lcwgs-1-1.clmp.fp2_repr.R2	2.0	11.0	34.0	78.0	141.0	197.0	288.0	356.0	431.0	571.0	662.0	971.0	1335.0	2091.0	3679.0	7338.0	23122.0	40539.0
	26.0	27.0	28.0	29.0	30.0	31.0	32.0	33.0	34.0	35.0	36.0	37.0	38.0	39.0	40.0
Sin-CPnd_025-Ex1-3B-lcwgs-1-1.clmp.fp2_repr.R1	3.0	6.0	9.0	12.0	17.0	33.0	41.0	57.0	90.0	130.0	245.0	400.0	901.0	2809.0	4114.0
	22.0	23.0	24.0	25.0	26.0	27.0	28.0	29.0	30.0	31.0	32.0	33.0	34.0	35.0	36.0	37.0	38.0	39.0	40.0
Sin-CPnd_025-Ex1-3B-lcwgs-1-1.clmp.fp2_repr.R2	1.0	0.0	0.0	10.0	8.0	16.0	23.0	40.0	53.0	44.0	53.0	72.0	92.0	157.0	235.0	370.0	788.0	2424.0	4481.0
	30.0	31.0	32.0	33.0	34.0	35.0	36.0	37.0	38.0	39.0	40.0
Sin-CPnd_026-Ex1-1G-lcwgs-1-1.clmp.fp2_repr.R1	1.0	1.0	0.0	8.0	6.0	7.0	16.0	34.0	66.0	99.0	44.0
	26.0	27.0	28.0	29.0	30.0	31.0	32.0	33.0	34.0	35.0	36.0	37.0	38.0	39.0	40.0
Sin-CPnd_026-Ex1-1G-lcwgs-1-1.clmp.fp2_repr.R2	1.0	1.0	3.0	2.0	0.0	4.0	1.0	4.0	6.0	11.0	15.0	32.0	55.0	109.0	38.0
	30.0	31.0	32.0	33.0	34.0	35.0	36.0	37.0	38.0	39.0	40.0
Sin-CPnd_027-Ex1-3A-lcwgs-1-1.clmp.fp2_repr.R1	1.0	3.0	1.0	3.0	0.0	3.0	6.0	14.0	15.0	51.0	56.0
	27.0	28.0	29.0	30.0	31.0	32.0	33.0	34.0	35.0	36.0	37.0	38.0	39.0	40.0
Sin-CPnd_027-Ex1-3A-lcwgs-1-1.clmp.fp2_repr.R2	1.0	0.0	0.0	5.0	1.0	0.0	3.0	3.0	2.0	6.0	4.0	19.0	52.0	57.0
	26.0	27.0	28.0	29.0	30.0	31.0	32.0	33.0	34.0	35.0	36.0	37.0	38.0	39.0	40.0
Sin-CPnd_028-Ex1-12H-lcwgs-1-1.clmp.fp2_repr.R1	1.0	1.0	3.0	8.0	10.0	15.0	21.0	28.0	22.0	43.0	67.0	117.0	212.0	798.0	1088.0
	25.0	26.0	27.0	28.0	29.0	30.0	31.0	32.0	33.0	34.0	35.0	36.0	37.0	38.0	39.0	40.0
Sin-CPnd_028-Ex1-12H-lcwgs-1-1.clmp.fp2_repr.R2	2.0	4.0	11.0	8.0	8.0	21.0	12.0	20.0	31.0	36.0	42.0	75.0	103.0	230.0	672.0	1159.0
	25.0	26.0	27.0	28.0	29.0	30.0	31.0	32.0	33.0	34.0	35.0	36.0	37.0	38.0	39.0	40.0
Sin-CPnd_029-Ex1-4D-lcwgs-1-1.clmp.fp2_repr.R1	2.0	6.0	21.0	26.0	50.0	93.0	119.0	150.0	220.0	344.0	568.0	1060.0	2165.0	3988.0	9871.0	11239.0
	24.0	25.0	26.0	27.0	28.0	29.0	30.0	31.0	32.0	33.0	34.0	35.0	36.0	37.0	38.0	39.0	40.0
Sin-CPnd_029-Ex1-4D-lcwgs-1-1.clmp.fp2_repr.R2	3.0	22.0	34.0	49.0	89.0	110.0	138.0	175.0	245.0	270.0	411.0	596.0	1056.0	1798.0	3784.0	9075.0	12067.0
	25.0	26.0	27.0	28.0	29.0	30.0	31.0	32.0	33.0	34.0	35.0	36.0	37.0	38.0	39.0	40.0
Sin-CPnd_030-Ex1-10B-lcwgs-1-1.clmp.fp2_repr.R1	1.0	0.0	3.0	4.0	8.0	15.0	16.0	26.0	31.0	46.0	57.0	100.0	208.0	401.0	1231.0	1635.0
	22.0	23.0	24.0	25.0	26.0	27.0	28.0	29.0	30.0	31.0	32.0	33.0	34.0	35.0	36.0	37.0	38.0	39.0	40.0
Sin-CPnd_030-Ex1-10B-lcwgs-1-1.clmp.fp2_repr.R2	1.0	0.0	1.0	4.0	5.0	15.0	18.0	15.0	19.0	20.0	34.0	36.0	40.0	68.0	96.0	160.0	333.0	1089.0	1828.0
	25.0	26.0	27.0	28.0	29.0	30.0	31.0	32.0	33.0	34.0	35.0	36.0	37.0	38.0	39.0	40.0
Sin-CPnd_031-Ex1-3G-lcwgs-1-1.clmp.fp2_repr.R1	2.0	9.0	14.0	27.0	40.0	68.0	105.0	129.0	175.0	272.0	442.0	887.0	1764.0	3397.0	8698.0	11269.0
	23.0	24.0	25.0	26.0	27.0	28.0	29.0	30.0	31.0	32.0	33.0	34.0	35.0	36.0	37.0	38.0	39.0	40.0
Sin-CPnd_031-Ex1-3G-lcwgs-1-1.clmp.fp2_repr.R2	3.0	5.0	20.0	38.0	48.0	75.0	97.0	151.0	167.0	207.0	260.0	343.0	484.0	878.0	1417.0	3258.0	7884.0	11963.0
	26.0	27.0	28.0	29.0	30.0	31.0	32.0	33.0	34.0	35.0	36.0	37.0	38.0	39.0	40.0
Sin-CPnd_032-Ex1-3E-lcwgs-1-1.clmp.fp2_repr.R1	3.0	3.0	8.0	11.0	18.0	21.0	31.0	34.0	74.0	126.0	248.0	494.0	1036.0	2252.0	2590.0
	25.0	26.0	27.0	28.0	29.0	30.0	31.0	32.0	33.0	34.0	35.0	36.0	37.0	38.0	39.0	40.0
Sin-CPnd_032-Ex1-3E-lcwgs-1-1.clmp.fp2_repr.R2	3.0	7.0	13.0	22.0	21.0	22.0	36.0	58.0	66.0	95.0	119.0	256.0	442.0	901.0	2138.0	2750.0
	24.0	25.0	26.0	27.0	28.0	29.0	30.0	31.0	32.0	33.0	34.0	35.0	36.0	37.0	38.0	39.0	40.0
Sin-CPnd_033-Ex1-1B-lcwgs-1-1.clmp.fp2_repr.R1	7.0	33.0	112.0	233.0	496.0	813.0	1295.0	1800.0	2812.0	4105.0	6419.0	10998.0	23331.0	50012.0	92842.0	153984.0	121370.0
	22.0	23.0	24.0	25.0	26.0	27.0	28.0	29.0	30.0	31.0	32.0	33.0	34.0	35.0	36.0	37.0	38.0	39.0	40.0
Sin-CPnd_033-Ex1-1B-lcwgs-1-1.clmp.fp2_repr.R2	3.0	20.0	105.0	312.0	693.0	964.0	1599.0	2072.0	2819.0	3492.0	4765.0	5966.0	8455.0	13032.0	23471.0	43351.0	86804.0	151192.0	121547.0
	25.0	26.0	27.0	28.0	29.0	30.0	31.0	32.0	33.0	34.0	35.0	36.0	37.0	38.0	39.0	40.0
Sin-CPnd_034-Ex1-3C-lcwgs-1-1.clmp.fp2_repr.R1	1.0	1.0	2.0	10.0	11.0	17.0	33.0	53.0	93.0	110.0	165.0	344.0	624.0	1349.0	3735.0	4605.0
	24.0	25.0	26.0	27.0	28.0	29.0	30.0	31.0	32.0	33.0	34.0	35.0	36.0	37.0	38.0	39.0	40.0
Sin-CPnd_034-Ex1-3C-lcwgs-1-1.clmp.fp2_repr.R2	4.0	3.0	11.0	15.0	24.0	38.0	51.0	63.0	77.0	104.0	139.0	194.0	322.0	607.0	1257.0	3430.0	4814.0
	26.0	27.0	28.0	29.0	30.0	31.0	32.0	33.0	34.0	35.0	36.0	37.0	38.0	39.0	40.0
Sin-CPnd_035-Ex1-12D-lcwgs-1-1.clmp.fp2_repr.R1	3.0	1.0	8.0	7.0	17.0	24.0	34.0	44.0	71.0	116.0	192.0	393.0	729.0	1804.0	1961.0
	24.0	25.0	26.0	27.0	28.0	29.0	30.0	31.0	32.0	33.0	34.0	35.0	36.0	37.0	38.0	39.0	40.0
Sin-CPnd_035-Ex1-12D-lcwgs-1-1.clmp.fp2_repr.R2	1.0	1.0	7.0	14.0	12.0	36.0	26.0	36.0	56.0	49.0	102.0	134.0	187.0	305.0	621.0	1630.0	2187.0
	29.0	30.0	31.0	32.0	33.0	34.0	35.0	36.0	37.0	38.0	39.0	40.0
Sin-CPnd_037-Ex1-4F-lcwgs-1-1.clmp.fp2_repr.R1	1.0	0.0	0.0	0.0	0.0	1.0	4.0	4.0	3.0	9.0	21.0	38.0
	29.0	30.0	31.0	32.0	33.0	34.0	35.0	36.0	37.0	38.0	39.0	40.0
Sin-CPnd_037-Ex1-4F-lcwgs-1-1.clmp.fp2_repr.R2	1.0	0.0	0.0	1.0	0.0	2.0	2.0	2.0	4.0	11.0	26.0	32.0
	25.0	26.0	27.0	28.0	29.0	30.0	31.0	32.0	33.0	34.0	35.0	36.0	37.0	38.0	39.0	40.0
Sin-CPnd_038-Ex1-11C-lcwgs-1-1.clmp.fp2_repr.R1	1.0	2.0	6.0	12.0	30.0	24.0	34.0	43.0	51.0	68.0	132.0	231.0	400.0	806.0	2374.0	3012.0
	24.0	25.0	26.0	27.0	28.0	29.0	30.0	31.0	32.0	33.0	34.0	35.0	36.0	37.0	38.0	39.0	40.0
Sin-CPnd_038-Ex1-11C-lcwgs-1-1.clmp.fp2_repr.R2	3.0	4.0	8.0	18.0	28.0	23.0	42.0	39.0	80.0	66.0	77.0	150.0	193.0	329.0	741.0	2116.0	3309.0
	28.0	29.0	30.0	31.0	32.0	33.0	34.0	35.0	36.0	37.0	38.0	39.0	40.0
Sin-CPnd_039-Ex1-10F-lcwgs-1-1.clmp.fp2_repr.R1	6.0	8.0	11.0	20.0	30.0	29.0	34.0	55.0	132.0	189.0	402.0	1234.0	1431.0
	25.0	26.0	27.0	28.0	29.0	30.0	31.0	32.0	33.0	34.0	35.0	36.0	37.0	38.0	39.0	40.0
Sin-CPnd_039-Ex1-10F-lcwgs-1-1.clmp.fp2_repr.R2	2.0	5.0	14.0	18.0	15.0	33.0	22.0	30.0	34.0	43.0	66.0	107.0	185.0	344.0	1028.0	1635.0
	24.0	25.0	26.0	27.0	28.0	29.0	30.0	31.0	32.0	33.0	34.0	35.0	36.0	37.0	38.0	39.0	40.0
Sin-CPnd_040-Ex1-11E-lcwgs-1-1.clmp.fp2_repr.R1	1.0	0.0	2.0	2.0	8.0	8.0	18.0	28.0	49.0	53.0	72.0	111.0	246.0	460.0	894.0	2074.0	1925.0
	25.0	26.0	27.0	28.0	29.0	30.0	31.0	32.0	33.0	34.0	35.0	36.0	37.0	38.0	39.0	40.0
Sin-CPnd_040-Ex1-11E-lcwgs-1-1.clmp.fp2_repr.R2	1.0	10.0	16.0	20.0	28.0	32.0	41.0	54.0	62.0	101.0	120.0	228.0	417.0	836.0	1959.0	2026.0
	25.0	26.0	27.0	28.0	29.0	30.0	31.0	32.0	33.0	34.0	35.0	36.0	37.0	38.0	39.0	40.0
Sin-CPnd_041-Ex1-1F-lcwgs-1-1.clmp.fp2_repr.R1	1.0	0.0	2.0	1.0	6.0	14.0	11.0	24.0	29.0	35.0	63.0	133.0	230.0	480.0	1526.0	1655.0
	23.0	24.0	25.0	26.0	27.0	28.0	29.0	30.0	31.0	32.0	33.0	34.0	35.0	36.0	37.0	38.0	39.0	40.0
Sin-CPnd_041-Ex1-1F-lcwgs-1-1.clmp.fp2_repr.R2	1.0	1.0	5.0	9.0	7.0	10.0	20.0	20.0	27.0	35.0	26.0	52.0	75.0	138.0	244.0	497.0	1532.0	1511.0
	25.0	26.0	27.0	28.0	29.0	30.0	31.0	32.0	33.0	34.0	35.0	36.0	37.0	38.0	39.0	40.0
Sin-CPnd_042-Ex1-10D-lcwgs-1-1.clmp.fp2_repr.R1	1.0	13.0	13.0	43.0	79.0	113.0	157.0	238.0	308.0	491.0	751.0	1498.0	2923.0	5516.0	15225.0	18739.0
	24.0	25.0	26.0	27.0	28.0	29.0	30.0	31.0	32.0	33.0	34.0	35.0	36.0	37.0	38.0	39.0	40.0
Sin-CPnd_042-Ex1-10D-lcwgs-1-1.clmp.fp2_repr.R2	4.0	23.0	57.0	96.0	139.0	180.0	225.0	303.0	382.0	495.0	616.0	854.0	1432.0	2555.0	5065.0	13982.0	19700.0
	25.0	26.0	27.0	28.0	29.0	30.0	31.0	32.0	33.0	34.0	35.0	36.0	37.0	38.0	39.0	40.0
Sin-CPnd_043-Ex1-1C-lcwgs-1-1.clmp.fp2_repr.R1	1.0	0.0	2.0	9.0	15.0	14.0	17.0	37.0	51.0	67.0	127.0	252.0	468.0	946.0	2151.0	2402.0
	25.0	26.0	27.0	28.0	29.0	30.0	31.0	32.0	33.0	34.0	35.0	36.0	37.0	38.0	39.0	40.0
Sin-CPnd_043-Ex1-1C-lcwgs-1-1.clmp.fp2_repr.R2	9.0	5.0	18.0	21.0	38.0	33.0	47.0	63.0	70.0	96.0	134.0	210.0	437.0	904.0	2091.0	2383.0
	24.0	25.0	26.0	27.0	28.0	29.0	30.0	31.0	32.0	33.0	34.0	35.0	36.0	37.0	38.0	39.0	40.0
Sin-CPnd_044-Ex1-2C-lcwgs-1-1.clmp.fp2_repr.R1	10.0	55.0	197.0	423.0	840.0	1360.0	2148.0	2882.0	4098.0	5517.0	8003.0	12099.0	22257.0	41215.0	85848.0	297461.0	359122.0
	22.0	23.0	24.0	25.0	26.0	27.0	28.0	29.0	30.0	31.0	32.0	33.0	34.0	35.0	36.0	37.0	38.0	39.0	40.0
Sin-CPnd_044-Ex1-2C-lcwgs-1-1.clmp.fp2_repr.R2	2.0	23.0	127.0	399.0	931.0	1564.0	2415.0	3028.0	3860.0	4635.0	5864.0	6854.0	9314.0	12712.0	21126.0	36243.0	73627.0	227617.0	433194.0
	24.0	25.0	26.0	27.0	28.0	29.0	30.0	31.0	32.0	33.0	34.0	35.0	36.0	37.0	38.0	39.0	40.0
Sin-CPnd_045-Ex1-11H-lcwgs-1-1.clmp.fp2_repr.R1	1.0	0.0	0.0	3.0	6.0	6.0	12.0	19.0	22.0	21.0	30.0	53.0	99.0	174.0	363.0	1047.0	1456.0
	25.0	26.0	27.0	28.0	29.0	30.0	31.0	32.0	33.0	34.0	35.0	36.0	37.0	38.0	39.0	40.0
Sin-CPnd_045-Ex1-11H-lcwgs-1-1.clmp.fp2_repr.R2	2.0	9.0	5.0	14.0	13.0	18.0	21.0	27.0	28.0	50.0	56.0	85.0	151.0	279.0	984.0	1570.0
	24.0	25.0	26.0	27.0	28.0	29.0	30.0	31.0	32.0	33.0	34.0	35.0	36.0	37.0	38.0	39.0	40.0
Sin-CPnd_049-Ex1-4C-lcwgs-1-1.clmp.fp2_repr.R1	1.0	0.0	1.0	3.0	7.0	9.0	18.0	36.0	44.0	62.0	104.0	127.0	253.0	468.0	1009.0	2735.0	3188.0
	23.0	24.0	25.0	26.0	27.0	28.0	29.0	30.0	31.0	32.0	33.0	34.0	35.0	36.0	37.0	38.0	39.0	40.0
Sin-CPnd_049-Ex1-4C-lcwgs-1-1.clmp.fp2_repr.R2	1.0	1.0	5.0	5.0	16.0	34.0	32.0	41.0	52.0	60.0	81.0	118.0	139.0	234.0	456.0	944.0	2488.0	3358.0
	24.0	25.0	26.0	27.0	28.0	29.0	30.0	31.0	32.0	33.0	34.0	35.0	36.0	37.0	38.0	39.0	40.0
Sin-CPnd_050-Ex1-9B-lcwgs-1-1.clmp.fp2_repr.R1	3.0	3.0	29.0	54.0	87.0	123.0	200.0	255.0	365.0	451.0	659.0	899.0	1525.0	2605.0	5076.0	17231.0	23171.0
	22.0	23.0	24.0	25.0	26.0	27.0	28.0	29.0	30.0	31.0	32.0	33.0	34.0	35.0	36.0	37.0	38.0	39.0	40.0
Sin-CPnd_050-Ex1-9B-lcwgs-1-1.clmp.fp2_repr.R2	1.0	2.0	8.0	31.0	75.0	124.0	184.0	238.0	308.0	359.0	460.0	499.0	669.0	891.0	1377.0	2304.0	4514.0	14926.0	25766.0
	26.0	27.0	28.0	29.0	30.0	31.0	32.0	33.0	34.0	35.0	36.0	37.0	38.0	39.0	40.0
Sin-CPnd_051-Ex1-12G-lcwgs-1-1.clmp.fp2_repr.R1	1.0	4.0	3.0	15.0	16.0	27.0	33.0	38.0	80.0	109.0	236.0	383.0	676.0	1845.0	2279.0
	25.0	26.0	27.0	28.0	29.0	30.0	31.0	32.0	33.0	34.0	35.0	36.0	37.0	38.0	39.0	40.0
Sin-CPnd_051-Ex1-12G-lcwgs-1-1.clmp.fp2_repr.R2	6.0	8.0	14.0	23.0	31.0	35.0	27.0	50.0	60.0	87.0	97.0	167.0	325.0	672.0	1674.0	2469.0
	24.0	25.0	26.0	27.0	28.0	29.0	30.0	31.0	32.0	33.0	34.0	35.0	36.0	37.0	38.0	39.0	40.0
Sin-CPnd_053-Ex1-9G-lcwgs-1-1.clmp.fp2_repr.R1	2.0	4.0	31.0	47.0	89.0	146.0	230.0	308.0	411.0	529.0	771.0	1151.0	1875.0	3214.0	6442.0	20776.0	27834.0
	23.0	24.0	25.0	26.0	27.0	28.0	29.0	30.0	31.0	32.0	33.0	34.0	35.0	36.0	37.0	38.0	39.0	40.0
Sin-CPnd_053-Ex1-9G-lcwgs-1-1.clmp.fp2_repr.R2	4.0	7.0	44.0	99.0	159.0	273.0	306.0	393.0	438.0	563.0	649.0	821.0	1098.0	1765.0	2756.0	5588.0	18229.0	30668.0
	23.0	24.0	25.0	26.0	27.0	28.0	29.0	30.0	31.0	32.0	33.0	34.0	35.0	36.0	37.0	38.0	39.0	40.0
Sin-CPnd_058-Ex1-9D-lcwgs-1-1.clmp.fp2_repr.R1	4.0	29.0	96.0	364.0	709.0	1554.0	2648.0	4352.0	5934.0	8543.0	11662.0	16954.0	26038.0	47916.0	89692.0	181410.0	541066.0	666074.0
	22.0	23.0	24.0	25.0	26.0	27.0	28.0	29.0	30.0	31.0	32.0	33.0	34.0	35.0	36.0	37.0	38.0	39.0	40.0
Sin-CPnd_058-Ex1-9D-lcwgs-1-1.clmp.fp2_repr.R2	5.0	54.0	279.0	898.0	1894.0	3131.0	4990.0	6463.0	8322.0	10303.0	12935.0	15766.0	21122.0	29280.0	48082.0	81559.0	165922.0	498027.0	696013.0
	27.0	28.0	29.0	30.0	31.0	32.0	33.0	34.0	35.0	36.0	37.0	38.0	39.0	40.0
Sin-CPnd_060-Ex1-2H-lcwgs-1-1.clmp.fp2_repr.R1	1.0	0.0	3.0	2.0	0.0	2.0	4.0	10.0	5.0	26.0	40.0	93.0	252.0	322.0
	25.0	26.0	27.0	28.0	29.0	30.0	31.0	32.0	33.0	34.0	35.0	36.0	37.0	38.0	39.0	40.0
Sin-CPnd_060-Ex1-2H-lcwgs-1-1.clmp.fp2_repr.R2	1.0	1.0	0.0	2.0	2.0	3.0	3.0	5.0	9.0	8.0	7.0	22.0	39.0	75.0	223.0	360.0
	24.0	25.0	26.0	27.0	28.0	29.0	30.0	31.0	32.0	33.0	34.0	35.0	36.0	37.0	38.0	39.0	40.0
Sin-CPnd_061-Ex1-9A-lcwgs-1-1.clmp.fp2_repr.R1	2.0	1.0	11.0	26.0	55.0	85.0	107.0	159.0	207.0	285.0	371.0	527.0	923.0	1725.0	3395.0	9884.0	12914.0
	22.0	23.0	24.0	25.0	26.0	27.0	28.0	29.0	30.0	31.0	32.0	33.0	34.0	35.0	36.0	37.0	38.0	39.0	40.0
Sin-CPnd_061-Ex1-9A-lcwgs-1-1.clmp.fp2_repr.R2	1.0	0.0	7.0	17.0	40.0	77.0	138.0	156.0	175.0	214.0	283.0	316.0	397.0	530.0	899.0	1567.0	3025.0	8824.0	14011.0
	25.0	26.0	27.0	28.0	29.0	30.0	31.0	32.0	33.0	34.0	35.0	36.0	37.0	38.0	39.0	40.0
Sin-CPnd_062-Ex1-11D-lcwgs-1-1.clmp.fp2_repr.R1	8.0	20.0	39.0	101.0	161.0	208.0	352.0	474.0	732.0	1234.0	1979.0	4292.0	9050.0	17676.0	30037.0	24433.0
	22.0	23.0	24.0	25.0	26.0	27.0	28.0	29.0	30.0	31.0	32.0	33.0	34.0	35.0	36.0	37.0	38.0	39.0	40.0
Sin-CPnd_062-Ex1-11D-lcwgs-1-1.clmp.fp2_repr.R2	1.0	6.0	15.0	57.0	110.0	182.0	275.0	340.0	562.0	613.0	965.0	1108.0	1518.0	2388.0	4216.0	7943.0	16044.0	29993.0	24460.0
	25.0	26.0	27.0	28.0	29.0	30.0	31.0	32.0	33.0	34.0	35.0	36.0	37.0	38.0	39.0	40.0
Sin-CPnd_063-Ex1-9F-lcwgs-1-1.clmp.fp2_repr.R1	3.0	15.0	45.0	68.0	123.0	208.0	306.0	361.0	475.0	706.0	1008.0	1795.0	3212.0	6398.0	18958.0	24387.0
	23.0	24.0	25.0	26.0	27.0	28.0	29.0	30.0	31.0	32.0	33.0	34.0	35.0	36.0	37.0	38.0	39.0	40.0
Sin-CPnd_063-Ex1-9F-lcwgs-1-1.clmp.fp2_repr.R2	1.0	8.0	36.0	76.0	143.0	183.0	254.0	289.0	394.0	480.0	551.0	779.0	1024.0	1676.0	2846.0	5790.0	16718.0	26820.0
	26.0	27.0	28.0	29.0	30.0	31.0	32.0	33.0	34.0	35.0	36.0	37.0	38.0	39.0	40.0
Sin-CPnd_065-Ex1-11B-lcwgs-1-1.clmp.fp2_repr.R1	4.0	12.0	23.0	36.0	69.0	78.0	131.0	165.0	289.0	432.0	804.0	1513.0	2895.0	7645.0	9294.0
	22.0	23.0	24.0	25.0	26.0	27.0	28.0	29.0	30.0	31.0	32.0	33.0	34.0	35.0	36.0	37.0	38.0	39.0	40.0
Sin-CPnd_065-Ex1-11B-lcwgs-1-1.clmp.fp2_repr.R2	1.0	3.0	2.0	11.0	36.0	47.0	73.0	106.0	112.0	148.0	178.0	230.0	323.0	430.0	732.0	1287.0	2638.0	7101.0	9932.0
	24.0	25.0	26.0	27.0	28.0	29.0	30.0	31.0	32.0	33.0	34.0	35.0	36.0	37.0	38.0	39.0	40.0
Sin-CPnd_067-Ex1-9C-lcwgs-1-1.clmp.fp2_repr.R1	3.0	8.0	21.0	66.0	106.0	170.0	287.0	369.0	567.0	714.0	1156.0	1747.0	3184.0	6050.0	12052.0	30614.0	34961.0
	22.0	23.0	24.0	25.0	26.0	27.0	28.0	29.0	30.0	31.0	32.0	33.0	34.0	35.0	36.0	37.0	38.0	39.0	40.0
Sin-CPnd_067-Ex1-9C-lcwgs-1-1.clmp.fp2_repr.R2	1.0	3.0	11.0	49.0	124.0	173.0	305.0	389.0	479.0	675.0	804.0	960.0	1325.0	1808.0	3101.0	5440.0	10830.0	28005.0	37593.0
	25.0	26.0	27.0	28.0	29.0	30.0	31.0	32.0	33.0	34.0	35.0	36.0	37.0	38.0	39.0	40.0
Sin-CPnd_071-Ex1-10A-lcwgs-1-1.clmp.fp2_repr.R1	1.0	0.0	1.0	1.0	6.0	10.0	13.0	21.0	22.0	40.0	66.0	106.0	201.0	435.0	919.0	937.0
	24.0	25.0	26.0	27.0	28.0	29.0	30.0	31.0	32.0	33.0	34.0	35.0	36.0	37.0	38.0	39.0	40.0
Sin-CPnd_071-Ex1-10A-lcwgs-1-1.clmp.fp2_repr.R2	1.0	3.0	6.0	7.0	15.0	9.0	14.0	22.0	23.0	29.0	40.0	60.0	96.0	175.0	395.0	907.0	977.0
	26.0	27.0	28.0	29.0	30.0	31.0	32.0	33.0	34.0	35.0	36.0	37.0	38.0	39.0	40.0
Sin-CPnd_074-Ex1-12A-lcwgs-1-1.clmp.fp2_repr.R1	1.0	3.0	3.0	5.0	12.0	9.0	14.0	21.0	27.0	50.0	54.0	107.0	271.0	752.0	978.0
	25.0	26.0	27.0	28.0	29.0	30.0	31.0	32.0	33.0	34.0	35.0	36.0	37.0	38.0	39.0	40.0
Sin-CPnd_074-Ex1-12A-lcwgs-1-1.clmp.fp2_repr.R2	3.0	4.0	8.0	7.0	11.0	9.0	13.0	13.0	31.0	29.0	45.0	73.0	120.0	212.0	629.0	1100.0
	25.0	26.0	27.0	28.0	29.0	30.0	31.0	32.0	33.0	34.0	35.0	36.0	37.0	38.0	39.0	40.0
Sin-CPnd_075-Ex1-11G-lcwgs-1-1.clmp.fp2_repr.R1	1.0	3.0	3.0	12.0	25.0	37.0	50.0	72.0	81.0	113.0	183.0	340.0	604.0	1264.0	3683.0	4765.0
	24.0	25.0	26.0	27.0	28.0	29.0	30.0	31.0	32.0	33.0	34.0	35.0	36.0	37.0	38.0	39.0	40.0
Sin-CPnd_075-Ex1-11G-lcwgs-1-1.clmp.fp2_repr.R2	1.0	5.0	29.0	29.0	31.0	41.0	65.0	69.0	91.0	97.0	135.0	197.0	332.0	561.0	1075.0	3281.0	5197.0
	25.0	26.0	27.0	28.0	29.0	30.0	31.0	32.0	33.0	34.0	35.0	36.0	37.0	38.0	39.0	40.0
Sin-CPnd_076-Ex1-10E-lcwgs-1-1.clmp.fp2_repr.R1	1.0	3.0	9.0	24.0	27.0	44.0	60.0	79.0	85.0	138.0	261.0	437.0	718.0	1493.0	4787.0	6743.0
	24.0	25.0	26.0	27.0	28.0	29.0	30.0	31.0	32.0	33.0	34.0	35.0	36.0	37.0	38.0	39.0	40.0
Sin-CPnd_076-Ex1-10E-lcwgs-1-1.clmp.fp2_repr.R2	2.0	6.0	13.0	23.0	35.0	62.0	81.0	93.0	102.0	143.0	201.0	263.0	386.0	680.0	1379.0	4230.0	7210.0
	24.0	25.0	26.0	27.0	28.0	29.0	30.0	31.0	32.0	33.0	34.0	35.0	36.0	37.0	38.0	39.0	40.0
Sin-CPnd_079-Ex1-9H-lcwgs-1-1.clmp.fp2_repr.R1	8.0	21.0	71.0	143.0	292.0	497.0	726.0	1029.0	1354.0	1870.0	2861.0	4208.0	7726.0	14302.0	28718.0	84636.0	111361.0
	23.0	24.0	25.0	26.0	27.0	28.0	29.0	30.0	31.0	32.0	33.0	34.0	35.0	36.0	37.0	38.0	39.0	40.0
Sin-CPnd_079-Ex1-9H-lcwgs-1-1.clmp.fp2_repr.R2	11.0	48.0	142.0	296.0	488.0	851.0	1028.0	1285.0	1605.0	2007.0	2439.0	3294.0	4643.0	7466.0	12858.0	25738.0	75120.0	120504.0
	25.0	26.0	27.0	28.0	29.0	30.0	31.0	32.0	33.0	34.0	35.0	36.0	37.0	38.0	39.0	40.0
Sin-CPnd_080-Ex1-2E-lcwgs-1-1.clmp.fp2_repr.R1	2.0	7.0	4.0	17.0	26.0	51.0	63.0	93.0	152.0	244.0	418.0	818.0	1774.0	3489.0	8071.0	6796.0
	24.0	25.0	26.0	27.0	28.0	29.0	30.0	31.0	32.0	33.0	34.0	35.0	36.0	37.0	38.0	39.0	40.0
Sin-CPnd_080-Ex1-2E-lcwgs-1-1.clmp.fp2_repr.R2	1.0	7.0	24.0	30.0	46.0	72.0	103.0	111.0	153.0	204.0	269.0	433.0	802.0	1570.0	3210.0	7028.0	7962.0
	27.0	28.0	29.0	30.0	31.0	32.0	33.0	34.0	35.0	36.0	37.0	38.0	39.0	40.0
Sin-CPnd_081-Ex1-10G-lcwgs-1-1.clmp.fp2_repr.R1	3.0	3.0	11.0	14.0	21.0	30.0	30.0	52.0	65.0	97.0	184.0	392.0	1262.0	1812.0
	25.0	26.0	27.0	28.0	29.0	30.0	31.0	32.0	33.0	34.0	35.0	36.0	37.0	38.0	39.0	40.0
Sin-CPnd_081-Ex1-10G-lcwgs-1-1.clmp.fp2_repr.R2	1.0	5.0	5.0	18.0	23.0	26.0	17.0	31.0	46.0	56.0	72.0	96.0	169.0	296.0	1090.0	2025.0
	26.0	27.0	28.0	29.0	30.0	31.0	32.0	33.0	34.0	35.0	36.0	37.0	38.0	39.0	40.0
Sin-CPnd_085-Ex1-4H-lcwgs-1-1.clmp.fp2_repr.R1	2.0	0.0	1.0	5.0	5.0	13.0	17.0	24.0	37.0	55.0	102.0	214.0	424.0	805.0	622.0
	24.0	25.0	26.0	27.0	28.0	29.0	30.0	31.0	32.0	33.0	34.0	35.0	36.0	37.0	38.0	39.0	40.0
Sin-CPnd_085-Ex1-4H-lcwgs-1-1.clmp.fp2_repr.R2	1.0	2.0	2.0	2.0	3.0	9.0	18.0	25.0	21.0	31.0	39.0	59.0	114.0	193.0	389.0	805.0	613.0
	28.0	29.0	30.0	31.0	32.0	33.0	34.0	35.0	36.0	37.0	38.0	39.0	40.0
Sin-CPnd_086-Ex1-2A-lcwgs-1-1.clmp.fp2_repr.R1	2.0	2.0	6.0	6.0	4.0	5.0	6.0	14.0	31.0	56.0	78.0	250.0	241.0
	25.0	26.0	27.0	28.0	29.0	30.0	31.0	32.0	33.0	34.0	35.0	36.0	37.0	38.0	39.0	40.0
Sin-CPnd_086-Ex1-2A-lcwgs-1-1.clmp.fp2_repr.R2	1.0	6.0	0.0	4.0	7.0	5.0	6.0	7.0	7.0	10.0	20.0	26.0	44.0	91.0	206.0	261.0
	30.0	31.0	32.0	33.0	34.0	35.0	36.0	37.0	38.0	39.0	40.0
Sin-CPnd_087-Ex1-4B-lcwgs-1-1.clmp.fp2_repr.R1	1.0	5.0	2.0	1.0	4.0	14.0	11.0	42.0	51.0	133.0	172.0
	28.0	29.0	30.0	31.0	32.0	33.0	34.0	35.0	36.0	37.0	38.0	39.0	40.0
Sin-CPnd_087-Ex1-4B-lcwgs-1-1.clmp.fp2_repr.R2	1.0	4.0	2.0	3.0	3.0	4.0	6.0	14.0	17.0	22.0	53.0	141.0	166.0
	23.0	24.0	25.0	26.0	27.0	28.0	29.0	30.0	31.0	32.0	33.0	34.0	35.0	36.0	37.0	38.0	39.0	40.0
Sin-CPnd_088-Ex1-2D-lcwgs-1-1.clmp.fp2_repr.R1	8.0	71.0	398.0	1343.0	2860.0	5971.0	9633.0	15163.0	20987.0	30091.0	40662.0	60353.0	94760.0	178671.0	344519.0	708163.0	2110047.0	2255619.0
	22.0	23.0	24.0	25.0	26.0	27.0	28.0	29.0	30.0	31.0	32.0	33.0	34.0	35.0	36.0	37.0	38.0	39.0	40.0
Sin-CPnd_088-Ex1-2D-lcwgs-1-1.clmp.fp2_repr.R2	21.0	166.0	895.0	2714.0	6202.0	10061.0	15648.0	20298.0	26416.0	31544.0	40884.0	50227.0	68894.0	97775.0	164357.0	293735.0	613918.0	1732307.0	2703257.0
	25.0	26.0	27.0	28.0	29.0	30.0	31.0	32.0	33.0	34.0	35.0	36.0	37.0	38.0	39.0	40.0
Sin-CPnd_089-Ex1-9E-lcwgs-1-1.clmp.fp2_repr.R1	3.0	9.0	28.0	42.0	55.0	81.0	118.0	178.0	219.0	317.0	416.0	685.0	1230.0	2358.0	7874.0	10392.0
	22.0	23.0	24.0	25.0	26.0	27.0	28.0	29.0	30.0	31.0	32.0	33.0	34.0	35.0	36.0	37.0	38.0	39.0	40.0
Sin-CPnd_089-Ex1-9E-lcwgs-1-1.clmp.fp2_repr.R2	1.0	1.0	4.0	14.0	41.0	59.0	92.0	93.0	132.0	156.0	212.0	278.0	307.0	403.0	653.0	1083.0	2035.0	6808.0	11633.0
	25.0	26.0	27.0	28.0	29.0	30.0	31.0	32.0	33.0	34.0	35.0	36.0	37.0	38.0	39.0	40.0
Sin-CPnd_090-Ex1-12F-lcwgs-1-1.clmp.fp2_repr.R1	1.0	1.0	4.0	8.0	5.0	18.0	16.0	26.0	32.0	51.0	52.0	128.0	297.0	580.0	1382.0	1504.0
	25.0	26.0	27.0	28.0	29.0	30.0	31.0	32.0	33.0	34.0	35.0	36.0	37.0	38.0	39.0	40.0
Sin-CPnd_090-Ex1-12F-lcwgs-1-1.clmp.fp2_repr.R2	2.0	6.0	11.0	15.0	16.0	25.0	28.0	43.0	49.0	49.0	82.0	117.0	255.0	473.0	1219.0	1715.0
	29.0	30.0	31.0	32.0	33.0	34.0	35.0	36.0	37.0	38.0	39.0	40.0
Sin-CPnd_091-Ex1-1A-lcwgs-1-1.clmp.fp2_repr.R1	1.0	0.0	6.0	5.0	9.0	9.0	19.0	40.0	94.0	182.0	254.0	117.0
	26.0	27.0	28.0	29.0	30.0	31.0	32.0	33.0	34.0	35.0	36.0	37.0	38.0	39.0	40.0
Sin-CPnd_091-Ex1-1A-lcwgs-1-1.clmp.fp2_repr.R2	1.0	4.0	2.0	3.0	8.0	2.0	5.0	11.0	16.0	14.0	46.0	81.0	177.0	243.0	123.0
	25.0	26.0	27.0	28.0	29.0	30.0	31.0	32.0	33.0	34.0	35.0	36.0	37.0	38.0	39.0	40.0
Sin-CPnd_092-Ex1-11F-lcwgs-1-1.clmp.fp2_repr.R1	1.0	4.0	4.0	24.0	26.0	35.0	49.0	89.0	132.0	180.0	267.0	535.0	1062.0	2006.0	4565.0	5120.0
	23.0	24.0	25.0	26.0	27.0	28.0	29.0	30.0	31.0	32.0	33.0	34.0	35.0	36.0	37.0	38.0	39.0	40.0
Sin-CPnd_092-Ex1-11F-lcwgs-1-1.clmp.fp2_repr.R2	1.0	3.0	10.0	23.0	27.0	45.0	68.0	73.0	99.0	120.0	152.0	204.0	294.0	509.0	882.0	1829.0	4263.0	5497.0
	27.0	28.0	29.0	30.0	31.0	32.0	33.0	34.0	35.0	36.0	37.0	38.0	39.0	40.0
Sin-CPnd_093-Ex1-10C-lcwgs-1-1.clmp.fp2_repr.R1	6.0	6.0	15.0	22.0	26.0	32.0	48.0	73.0	107.0	192.0	382.0	675.0	2325.0	3107.0
	25.0	26.0	27.0	28.0	29.0	30.0	31.0	32.0	33.0	34.0	35.0	36.0	37.0	38.0	39.0	40.0
Sin-CPnd_093-Ex1-10C-lcwgs-1-1.clmp.fp2_repr.R2	4.0	9.0	11.0	19.0	29.0	42.0	44.0	53.0	66.0	93.0	116.0	184.0	330.0	667.0	1979.0	3370.0
	27.0	28.0	29.0	30.0	31.0	32.0	33.0	34.0	35.0	36.0	37.0	38.0	39.0	40.0
Sin-CPnd_094-Ex1-3H-lcwgs-1-1.clmp.fp2_repr.R1	2.0	0.0	3.0	12.0	6.0	8.0	18.0	30.0	58.0	112.0	282.0	538.0	907.0	653.0
	24.0	25.0	26.0	27.0	28.0	29.0	30.0	31.0	32.0	33.0	34.0	35.0	36.0	37.0	38.0	39.0	40.0
Sin-CPnd_094-Ex1-3H-lcwgs-1-1.clmp.fp2_repr.R2	1.0	1.0	4.0	9.0	6.0	8.0	11.0	16.0	14.0	32.0	43.0	65.0	125.0	223.0	482.0	978.0	611.0
	26.0	27.0	28.0	29.0	30.0	31.0	32.0	33.0	34.0	35.0	36.0	37.0	38.0	39.0	40.0
Sin-CPnd_095-Ex1-2B-lcwgs-1-1.clmp.fp2_repr.R1	1.0	2.0	3.0	5.0	11.0	13.0	14.0	29.0	33.0	56.0	109.0	199.0	477.0	1357.0	1412.0
	25.0	26.0	27.0	28.0	29.0	30.0	31.0	32.0	33.0	34.0	35.0	36.0	37.0	38.0	39.0	40.0
Sin-CPnd_095-Ex1-2B-lcwgs-1-1.clmp.fp2_repr.R2	2.0	3.0	10.0	9.0	14.0	19.0	23.0	22.0	41.0	38.0	62.0	96.0	200.0	352.0	1123.0	1707.0
	22.0	23.0	24.0	25.0	26.0	27.0	28.0	29.0	30.0	31.0	32.0	33.0	34.0	35.0	36.0	37.0	38.0	39.0	40.0
Undetermined.clmp.fp2_repr.R1	10.0	446.0	5410.0	27947.0	82804.0	159362.0	269859.0	367818.0	496193.0	614889.0	806851.0	986217.0	1307672.0	1762900.0	2749274.0	4212952.0	7493898.0	22197148.0	25409391.0
	21.0	22.0	23.0	24.0	25.0	26.0	27.0	28.0	29.0	30.0	31.0	32.0	33.0	34.0	35.0	36.0	37.0	38.0	39.0	40.0
Undetermined.clmp.fp2_repr.R2	17.0	692.0	7796.0	47843.0	156588.0	353656.0	547617.0	762643.0	852882.0	953437.0	996115.0	1137633.0	1237066.0	1459811.0	1758101.0	2488056.0	3607645.0	6301159.0	18709014.0	27573270.0

