	16.0	17.0	18.0	19.0	20.0	21.0	22.0	23.0	24.0	25.0	26.0	27.0	28.0	29.0	30.0	31.0	32.0	33.0	34.0	35.0	36.0	37.0	38.0	39.0	40.0
Sin-APnd_001-Ex1-6G-lcwgs-1-1.1	12.0	192.0	2920.0	14781.0	34831.0	41183.0	36781.0	33276.0	37908.0	43172.0	52925.0	63158.0	81056.0	100061.0	134136.0	177730.0	255706.0	367835.0	589829.0	969546.0	1960954.0	2243528.0	1637464.0	762733.0	8710.0
	13.0	14.0	15.0	16.0	17.0	18.0	19.0	20.0	21.0	22.0	23.0	24.0	25.0	26.0	27.0	28.0	29.0	30.0	31.0	32.0	33.0	34.0	35.0	36.0	37.0	38.0	39.0	40.0
Sin-APnd_001-Ex1-6G-lcwgs-1-1.2	2.0	20.0	443.0	5482.0	24091.0	62588.0	94803.0	103691.0	82537.0	66152.0	58689.0	62508.0	66869.0	76877.0	84245.0	99162.0	113211.0	137078.0	161237.0	194179.0	222341.0	287195.0	376586.0	562026.0	953815.0	2009054.0	3459967.0	285579.0
	16.0	17.0	18.0	19.0	20.0	21.0	22.0	23.0	24.0	25.0	26.0	27.0	28.0	29.0	30.0	31.0	32.0	33.0	34.0	35.0	36.0	37.0	38.0	39.0	40.0
Sin-APnd_002-Ex1-3G-lcwgs-1-1.1	26.0	595.0	9449.0	51408.0	124785.0	150840.0	143264.0	140829.0	163421.0	190356.0	240437.0	288477.0	372239.0	465464.0	635193.0	850333.0	1231067.0	1799665.0	2881424.0	4580517.0	9552570.0	15631252.0	13115012.0	4956800.0	52556.0
	13.0	14.0	15.0	16.0	17.0	18.0	19.0	20.0	21.0	22.0	23.0	24.0	25.0	26.0	27.0	28.0	29.0	30.0	31.0	32.0	33.0	34.0	35.0	36.0	37.0	38.0	39.0	40.0
Sin-APnd_002-Ex1-3G-lcwgs-1-1.2	4.0	91.0	2257.0	24904.0	104916.0	262889.0	396144.0	424524.0	343341.0	290323.0	271263.0	293930.0	321197.0	378605.0	428260.0	512881.0	588815.0	728092.0	858625.0	1042113.0	1214786.0	1582314.0	2109385.0	3187556.0	5498690.0	12001586.0	22645210.0	2115278.0
	16.0	17.0	18.0	19.0	20.0	21.0	22.0	23.0	24.0	25.0	26.0	27.0	28.0	29.0	30.0	31.0	32.0	33.0	34.0	35.0	36.0	37.0	38.0	39.0	40.0
Sin-APnd_003-Ex1-3H-lcwgs-1-1.1	5.0	24.0	421.0	2504.0	6221.0	7953.0	8060.0	8267.0	9366.0	10887.0	13667.0	16429.0	21360.0	26476.0	35432.0	46664.0	67571.0	96459.0	151071.0	243325.0	515130.0	880617.0	810325.0	327929.0	3592.0
	14.0	15.0	16.0	17.0	18.0	19.0	20.0	21.0	22.0	23.0	24.0	25.0	26.0	27.0	28.0	29.0	30.0	31.0	32.0	33.0	34.0	35.0	36.0	37.0	38.0	39.0	40.0
Sin-APnd_003-Ex1-3H-lcwgs-1-1.2	4.0	119.0	1348.0	5984.0	14749.0	21448.0	23010.0	18746.0	16152.0	14515.0	15602.0	16825.0	19548.0	21800.0	25579.0	29053.0	35869.0	42445.0	52659.0	61882.0	82840.0	110110.0	168630.0	288542.0	654929.0	1419026.0	148341.0
	16.0	17.0	18.0	19.0	20.0	21.0	22.0	23.0	24.0	25.0	26.0	27.0	28.0	29.0	30.0	31.0	32.0	33.0	34.0	35.0	36.0	37.0	38.0	39.0	40.0
Sin-APnd_004-Ex1-4A-lcwgs-1-1.1	41.0	814.0	11041.0	53877.0	118909.0	131973.0	117808.0	111384.0	127075.0	145495.0	180645.0	216175.0	276572.0	345525.0	469111.0	634429.0	953033.0	1474483.0	2463029.0	4143802.0	7686626.0	6803443.0	4457863.0	2102112.0	25808.0
	12.0	13.0	14.0	15.0	16.0	17.0	18.0	19.0	20.0	21.0	22.0	23.0	24.0	25.0	26.0	27.0	28.0	29.0	30.0	31.0	32.0	33.0	34.0	35.0	36.0	37.0	38.0	39.0	40.0
Sin-APnd_004-Ex1-4A-lcwgs-1-1.2	1.0	7.0	107.0	1558.0	16857.0	74716.0	194721.0	294000.0	316799.0	252504.0	206841.0	192316.0	212010.0	236749.0	281176.0	313618.0	375047.0	434102.0	542378.0	641621.0	770758.0	874324.0	1109458.0	1466773.0	2187586.0	3642490.0	7170387.0	10488785.0	753384.0
	16.0	17.0	18.0	19.0	20.0	21.0	22.0	23.0	24.0	25.0	26.0	27.0	28.0	29.0	30.0	31.0	32.0	33.0	34.0	35.0	36.0	37.0	38.0	39.0	40.0
Sin-APnd_005-Ex1-4B-lcwgs-1-1.1	70.0	2008.0	21102.0	85678.0	181144.0	205028.0	191420.0	182860.0	207843.0	235872.0	290948.0	348574.0	450981.0	566679.0	772684.0	1042248.0	1549254.0	2403845.0	3962695.0	6455623.0	11667259.0	11296752.0	6505543.0	2289513.0	21673.0
	13.0	14.0	15.0	16.0	17.0	18.0	19.0	20.0	21.0	22.0	23.0	24.0	25.0	26.0	27.0	28.0	29.0	30.0	31.0	32.0	33.0	34.0	35.0	36.0	37.0	38.0	39.0	40.0
Sin-APnd_005-Ex1-4B-lcwgs-1-1.2	5.0	61.0	2048.0	29011.0	137544.0	312194.0	412556.0	422089.0	325992.0	252624.0	220596.0	243746.0	289874.0	352200.0	393105.0	475684.0	558686.0	710011.0	901071.0	1217330.0	1483298.0	2025559.0	2613603.0	3512301.0	5185230.0	10545839.0	17058257.0	1256782.0
	15.0	16.0	17.0	18.0	19.0	20.0	21.0	22.0	23.0	24.0	25.0	26.0	27.0	28.0	29.0	30.0	31.0	32.0	33.0	34.0	35.0	36.0	37.0	38.0	39.0	40.0
Sin-APnd_006-Ex1-4C-lcwgs-1-1.1	1.0	46.0	1370.0	19303.0	97940.0	220473.0	241608.0	206301.0	188610.0	212675.0	240864.0	299041.0	355686.0	453217.0	560905.0	761215.0	1021890.0	1514010.0	2280134.0	3833134.0	6934460.0	14060849.0	14026451.0	10053441.0	5127824.0	55283.0
	12.0	13.0	14.0	15.0	16.0	17.0	18.0	19.0	20.0	21.0	22.0	23.0	24.0	25.0	26.0	27.0	28.0	29.0	30.0	31.0	32.0	33.0	34.0	35.0	36.0	37.0	38.0	39.0	40.0
Sin-APnd_006-Ex1-4C-lcwgs-1-1.2	1.0	7.0	91.0	2139.0	25669.0	119241.0	326866.0	523419.0	583630.0	461893.0	365684.0	326808.0	346024.0	368138.0	419812.0	460870.0	543386.0	626755.0	789761.0	966348.0	1212298.0	1412878.0	1828735.0	2415403.0	3660464.0	6179943.0	13487673.0	23591710.0	1721085.0
	16.0	17.0	18.0	19.0	20.0	21.0	22.0	23.0	24.0	25.0	26.0	27.0	28.0	29.0	30.0	31.0	32.0	33.0	34.0	35.0	36.0	37.0	38.0	39.0	40.0
Sin-APnd_007-Ex1-4D-lcwgs-1-1.1	30.0	821.0	11947.0	59744.0	132073.0	145968.0	128303.0	119961.0	136696.0	155755.0	193804.0	230610.0	297179.0	370400.0	506249.0	687989.0	1034196.0	1602415.0	2701886.0	4594315.0	8515036.0	7441568.0	4864343.0	2423607.0	32385.0
	12.0	13.0	14.0	15.0	16.0	17.0	18.0	19.0	20.0	21.0	22.0	23.0	24.0	25.0	26.0	27.0	28.0	29.0	30.0	31.0	32.0	33.0	34.0	35.0	36.0	37.0	38.0	39.0	40.0
Sin-APnd_007-Ex1-4D-lcwgs-1-1.2	1.0	14.0	124.0	1598.0	17833.0	78223.0	202230.0	308342.0	335807.0	269208.0	219531.0	199459.0	216408.0	237633.0	278708.0	310199.0	370310.0	424650.0	525692.0	613256.0	738936.0	848684.0	1098420.0	1441798.0	2132080.0	3611993.0	7641907.0	13144577.0	1119659.0
	16.0	17.0	18.0	19.0	20.0	21.0	22.0	23.0	24.0	25.0	26.0	27.0	28.0	29.0	30.0	31.0	32.0	33.0	34.0	35.0	36.0	37.0	38.0	39.0	40.0
Sin-APnd_008-Ex1-4E-lcwgs-1-1.1	20.0	605.0	9122.0	46684.0	104177.0	112452.0	93642.0	84352.0	95287.0	109450.0	134483.0	159756.0	203544.0	251581.0	342883.0	461011.0	687117.0	1045915.0	1746319.0	3014516.0	5639829.0	4997797.0	3290846.0	1616296.0	21060.0
	13.0	14.0	15.0	16.0	17.0	18.0	19.0	20.0	21.0	22.0	23.0	24.0	25.0	26.0	27.0	28.0	29.0	30.0	31.0	32.0	33.0	34.0	35.0	36.0	37.0	38.0	39.0	40.0
Sin-APnd_008-Ex1-4E-lcwgs-1-1.2	2.0	71.0	1206.0	13054.0	56566.0	144533.0	224473.0	248077.0	195533.0	153886.0	134948.0	142022.0	153742.0	177000.0	194457.0	226913.0	257884.0	318761.0	375384.0	457195.0	531069.0	691541.0	910509.0	1358879.0	2319725.0	5086901.0	9138368.0	756045.0
	15.0	16.0	17.0	18.0	19.0	20.0	21.0	22.0	23.0	24.0	25.0	26.0	27.0	28.0	29.0	30.0	31.0	32.0	33.0	34.0	35.0	36.0	37.0	38.0	39.0	40.0
Sin-APnd_009-Ex1-4F-lcwgs-1-1.1	1.0	18.0	554.0	8353.0	41454.0	90369.0	96405.0	81861.0	75277.0	85294.0	97925.0	121839.0	145671.0	186474.0	232707.0	319116.0	432288.0	647986.0	999777.0	1670459.0	2864088.0	5328798.0	4638968.0	3023565.0	1481592.0	16552.0
	12.0	13.0	14.0	15.0	16.0	17.0	18.0	19.0	20.0	21.0	22.0	23.0	24.0	25.0	26.0	27.0	28.0	29.0	30.0	31.0	32.0	33.0	34.0	35.0	36.0	37.0	38.0	39.0	40.0
Sin-APnd_009-Ex1-4F-lcwgs-1-1.2	1.0	4.0	41.0	974.0	10718.0	46572.0	124941.0	202595.0	228977.0	181942.0	143388.0	127594.0	133529.0	142703.0	163333.0	178559.0	208982.0	235886.0	288592.0	340653.0	414933.0	481746.0	625275.0	825751.0	1253047.0	2156804.0	4788340.0	8670820.0	710691.0
	16.0	17.0	18.0	19.0	20.0	21.0	22.0	23.0	24.0	25.0	26.0	27.0	28.0	29.0	30.0	31.0	32.0	33.0	34.0	35.0	36.0	37.0	38.0	39.0	40.0
Sin-APnd_010-Ex1-4G-lcwgs-1-1.1	33.0	834.0	10811.0	51824.0	113995.0	128651.0	118652.0	114247.0	130008.0	148328.0	184978.0	220571.0	283361.0	353973.0	483647.0	654984.0	979977.0	1508494.0	2504783.0	4220559.0	7819206.0	7137168.0	4849567.0	2346165.0	28098.0
	13.0	14.0	15.0	16.0	17.0	18.0	19.0	20.0	21.0	22.0	23.0	24.0	25.0	26.0	27.0	28.0	29.0	30.0	31.0	32.0	33.0	34.0	35.0	36.0	37.0	38.0	39.0	40.0
Sin-APnd_010-Ex1-4G-lcwgs-1-1.2	9.0	94.0	1543.0	18318.0	79223.0	197996.0	295502.0	316824.0	253106.0	207410.0	188272.0	203063.0	221752.0	260368.0	290100.0	345003.0	395518.0	489177.0	578918.0	702941.0	811441.0	1052379.0	1382394.0	2042135.0	3433972.0	7229406.0	12352336.0	1043714.0
	16.0	17.0	18.0	19.0	20.0	21.0	22.0	23.0	24.0	25.0	26.0	27.0	28.0	29.0	30.0	31.0	32.0	33.0	34.0	35.0	36.0	37.0	38.0	39.0	40.0
Sin-APnd_011-Ex1-4H-lcwgs-1-1.1	23.0	418.0	6097.0	30944.0	69536.0	78217.0	73394.0	72021.0	83353.0	95956.0	120514.0	145463.0	186452.0	234096.0	322877.0	441990.0	673697.0	1057640.0	1774505.0	2970174.0	5345898.0	4401414.0	2728666.0	1277018.0	14632.0
	13.0	14.0	15.0	16.0	17.0	18.0	19.0	20.0	21.0	22.0	23.0	24.0	25.0	26.0	27.0	28.0	29.0	30.0	31.0	32.0	33.0	34.0	35.0	36.0	37.0	38.0	39.0	40.0
Sin-APnd_011-Ex1-4H-lcwgs-1-1.2	4.0	52.0	1021.0	12087.0	51449.0	127277.0	189976.0	205738.0	166038.0	135933.0	122195.0	132129.0	142512.0	165902.0	183329.0	215325.0	245709.0	303487.0	354592.0	425908.0	489673.0	635512.0	840328.0	1266372.0	2190964.0	4685464.0	8214464.0	701555.0
	16.0	17.0	18.0	19.0	20.0	21.0	22.0	23.0	24.0	25.0	26.0	27.0	28.0	29.0	30.0	31.0	32.0	33.0	34.0	35.0	36.0	37.0	38.0	39.0	40.0
Sin-APnd_012-Ex1-5A-lcwgs-1-1.1	3.0	98.0	1293.0	6620.0	14839.0	16116.0	14164.0	13468.0	15452.0	17716.0	21971.0	26614.0	34037.0	42265.0	58301.0	79622.0	120348.0	187403.0	318472.0	565040.0	936398.0	671323.0	413107.0	251374.0	2996.0
	14.0	15.0	16.0	17.0	18.0	19.0	20.0	21.0	22.0	23.0	24.0	25.0	26.0	27.0	28.0	29.0	30.0	31.0	32.0	33.0	34.0	35.0	36.0	37.0	38.0	39.0	40.0
Sin-APnd_012-Ex1-5A-lcwgs-1-1.2	11.0	149.0	1921.0	8605.0	23184.0	36901.0	39885.0	32319.0	26345.0	23988.0	26191.0	28455.0	33407.0	37706.0	45004.0	52053.0	65228.0	76105.0	91339.0	101972.0	129439.0	171613.0	254560.0	423746.0	824259.0	1194054.0	80601.0
	16.0	17.0	18.0	19.0	20.0	21.0	22.0	23.0	24.0	25.0	26.0	27.0	28.0	29.0	30.0	31.0	32.0	33.0	34.0	35.0	36.0	37.0	38.0	39.0	40.0
Sin-APnd_013-Ex1-5B-lcwgs-1-1.1	29.0	838.0	11852.0	60579.0	135892.0	149328.0	130962.0	120859.0	138337.0	157344.0	196082.0	235353.0	304447.0	382681.0	531140.0	734963.0	1141736.0	1857245.0	3280801.0	5937357.0	9816319.0	6178609.0	3319712.0	1861615.0	24535.0
	11.0	12.0	13.0	14.0	15.0	16.0	17.0	18.0	19.0	20.0	21.0	22.0	23.0	24.0	25.0	26.0	27.0	28.0	29.0	30.0	31.0	32.0	33.0	34.0	35.0	36.0	37.0	38.0	39.0	40.0
Sin-APnd_013-Ex1-5B-lcwgs-1-1.2	1.0	0.0	6.0	99.0	1447.0	15748.0	70847.0	191113.0	304835.0	340136.0	272145.0	215137.0	190802.0	203569.0	220162.0	258331.0	288619.0	344041.0	400620.0	510339.0	603775.0	734220.0	838401.0	1093255.0	1456354.0	2209025.0	3848033.0	8122484.0	13034679.0	940392.0
	15.0	16.0	17.0	18.0	19.0	20.0	21.0	22.0	23.0	24.0	25.0	26.0	27.0	28.0	29.0	30.0	31.0	32.0	33.0	34.0	35.0	36.0	37.0	38.0	39.0	40.0
Sin-APnd_014-Ex1-5C-lcwgs-1-1.1	1.0	18.0	407.0	6903.0	34740.0	77703.0	86705.0	78316.0	76452.0	88286.0	102106.0	127315.0	153909.0	199805.0	251832.0	350348.0	485768.0	751662.0	1228416.0	2186802.0	3974979.0	6568881.0	4093411.0	2125684.0	1143836.0	11850.0
	14.0	15.0	16.0	17.0	18.0	19.0	20.0	21.0	22.0	23.0	24.0	25.0	26.0	27.0	28.0	29.0	30.0	31.0	32.0	33.0	34.0	35.0	36.0	37.0	38.0	39.0	40.0
Sin-APnd_014-Ex1-5C-lcwgs-1-1.2	36.0	871.0	10987.0	50933.0	134036.0	204272.0	220034.0	173864.0	142605.0	131823.0	142441.0	155866.0	184345.0	207307.0	248445.0	292071.0	375352.0	463553.0	571777.0	650459.0	821724.0	1082468.0	1632066.0	2727012.0	5530979.0	7608771.0	442038.0
	16.0	17.0	18.0	19.0	20.0	21.0	22.0	23.0	24.0	25.0	26.0	27.0	28.0	29.0	30.0	31.0	32.0	33.0	34.0	35.0	36.0	37.0	38.0	39.0	40.0
Sin-APnd_015-Ex1-5D-lcwgs-1-1.1	7.0	295.0	4567.0	23664.0	52846.0	57457.0	49799.0	47300.0	54144.0	62063.0	76885.0	92634.0	119407.0	149036.0	205414.0	282657.0	430800.0	688618.0	1217905.0	2273502.0	3921865.0	2658070.0	1481625.0	826347.0	8502.0
	13.0	14.0	15.0	16.0	17.0	18.0	19.0	20.0	21.0	22.0	23.0	24.0	25.0	26.0	27.0	28.0	29.0	30.0	31.0	32.0	33.0	34.0	35.0	36.0	37.0	38.0	39.0	40.0
Sin-APnd_015-Ex1-5D-lcwgs-1-1.2	1.0	25.0	558.0	6865.0	30265.0	81314.0	127354.0	140122.0	112174.0	91623.0	82483.0	89378.0	96360.0	113205.0	126937.0	152256.0	174545.0	216805.0	251194.0	299201.0	338223.0	433588.0	571684.0	860211.0	1486847.0	3149844.0	5321652.0	430695.0
	16.0	17.0	18.0	19.0	20.0	21.0	22.0	23.0	24.0	25.0	26.0	27.0	28.0	29.0	30.0	31.0	32.0	33.0	34.0	35.0	36.0	37.0	38.0	39.0	40.0
Sin-APnd_016-Ex1-5E-lcwgs-1-1.1	16.0	340.0	5047.0	26294.0	57675.0	62301.0	52724.0	48259.0	55210.0	63492.0	79511.0	96173.0	123813.0	156460.0	219632.0	306874.0	481695.0	798883.0	1409221.0	2441255.0	3886642.0	2241062.0	1097899.0	567110.0	6720.0
	12.0	13.0	14.0	15.0	16.0	17.0	18.0	19.0	20.0	21.0	22.0	23.0	24.0	25.0	26.0	27.0	28.0	29.0	30.0	31.0	32.0	33.0	34.0	35.0	36.0	37.0	38.0	39.0	40.0
Sin-APnd_016-Ex1-5E-lcwgs-1-1.2	1.0	2.0	34.0	663.0	6768.0	29492.0	78102.0	123475.0	137179.0	110362.0	87876.0	77361.0	83693.0	91292.0	107367.0	119957.0	142477.0	164141.0	205860.0	242067.0	290241.0	331844.0	429810.0	572087.0	864789.0	1519157.0	3252402.0	4893244.0	322565.0
	16.0	17.0	18.0	19.0	20.0	21.0	22.0	23.0	24.0	25.0	26.0	27.0	28.0	29.0	30.0	31.0	32.0	33.0	34.0	35.0	36.0	37.0	38.0	39.0	40.0
Sin-APnd_017-Ex1-5F-lcwgs-1-1.1	16.0	341.0	5071.0	27467.0	61156.0	67053.0	58504.0	55523.0	63520.0	73545.0	91754.0	109997.0	142967.0	180368.0	250864.0	347710.0	536300.0	871341.0	1539373.0	2784786.0	4608204.0	2902299.0	1556240.0	878389.0	9911.0
	13.0	14.0	15.0	16.0	17.0	18.0	19.0	20.0	21.0	22.0	23.0	24.0	25.0	26.0	27.0	28.0	29.0	30.0	31.0	32.0	33.0	34.0	35.0	36.0	37.0	38.0	39.0	40.0
Sin-APnd_017-Ex1-5F-lcwgs-1-1.2	2.0	28.0	627.0	7136.0	32373.0	89043.0	144127.0	161751.0	129403.0	104190.0	93667.0	99312.0	106677.0	123877.0	137526.0	161427.0	184745.0	227753.0	269238.0	327460.0	376871.0	486218.0	649101.0	994475.0	1747814.0	3844968.0	6279437.0	443453.0
	16.0	17.0	18.0	19.0	20.0	21.0	22.0	23.0	24.0	25.0	26.0	27.0	28.0	29.0	30.0	31.0	32.0	33.0	34.0	35.0	36.0	37.0	38.0	39.0	40.0
Sin-APnd_018-Ex1-5G-lcwgs-1-1.1	13.0	530.0	8197.0	42427.0	95508.0	106540.0	95468.0	90894.0	103939.0	119515.0	148181.0	178744.0	231856.0	291891.0	404536.0	560378.0	863586.0	1388412.0	2451539.0	4508417.0	7741469.0	5251746.0	2957901.0	1644015.0	20427.0
	13.0	14.0	15.0	16.0	17.0	18.0	19.0	20.0	21.0	22.0	23.0	24.0	25.0	26.0	27.0	28.0	29.0	30.0	31.0	32.0	33.0	34.0	35.0	36.0	37.0	38.0	39.0	40.0
Sin-APnd_018-Ex1-5G-lcwgs-1-1.2	2.0	66.0	1108.0	11773.0	53107.0	146279.0	231817.0	256747.0	207367.0	170189.0	155379.0	166622.0	181413.0	213352.0	239829.0	288335.0	336274.0	419643.0	493803.0	592672.0	676867.0	872634.0	1155559.0	1741564.0	3026157.0	6359183.0	10483182.0	825206.0
	16.0	17.0	18.0	19.0	20.0	21.0	22.0	23.0	24.0	25.0	26.0	27.0	28.0	29.0	30.0	31.0	32.0	33.0	34.0	35.0	36.0	37.0	38.0	39.0	40.0
Sin-APnd_019-Ex1-5H-lcwgs-1-1.1	8.0	370.0	5578.0	30131.0	68916.0	79526.0	74081.0	72700.0	83905.0	96740.0	121833.0	146006.0	187902.0	235629.0	326238.0	449804.0	694244.0	1118402.0	1974878.0	3671378.0	6313921.0	4304229.0	2432144.0	1357470.0	16996.0
	13.0	14.0	15.0	16.0	17.0	18.0	19.0	20.0	21.0	22.0	23.0	24.0	25.0	26.0	27.0	28.0	29.0	30.0	31.0	32.0	33.0	34.0	35.0	36.0	37.0	38.0	39.0	40.0
Sin-APnd_019-Ex1-5H-lcwgs-1-1.2	2.0	49.0	1014.0	10206.0	43751.0	114600.0	181365.0	202952.0	163819.0	134833.0	121564.0	131342.0	140871.0	163599.0	182044.0	215074.0	248388.0	308150.0	360839.0	433431.0	498360.0	647594.0	864124.0	1328823.0	2339012.0	5133110.0	9137498.0	756615.0
	15.0	16.0	17.0	18.0	19.0	20.0	21.0	22.0	23.0	24.0	25.0	26.0	27.0	28.0	29.0	30.0	31.0	32.0	33.0	34.0	35.0	36.0	37.0	38.0	39.0	40.0
Sin-APnd_020-Ex1-6A-lcwgs-1-1.1	1.0	24.0	533.0	7347.0	37951.0	89987.0	106164.0	97436.0	91848.0	105089.0	119549.0	149866.0	179656.0	230824.0	287055.0	390415.0	521626.0	755124.0	1105824.0	1814553.0	3082576.0	6378199.0	6711871.0	4203353.0	1594070.0	15566.0
	13.0	14.0	15.0	16.0	17.0	18.0	19.0	20.0	21.0	22.0	23.0	24.0	25.0	26.0	27.0	28.0	29.0	30.0	31.0	32.0	33.0	34.0	35.0	36.0	37.0	38.0	39.0	40.0
Sin-APnd_020-Ex1-6A-lcwgs-1-1.2	3.0	48.0	1091.0	13700.0	64112.0	167493.0	252321.0	269062.0	215487.0	177609.0	164782.0	185078.0	208083.0	246517.0	272410.0	324398.0	376096.0	475277.0	566523.0	679018.0	769057.0	977887.0	1291976.0	1917923.0	3184347.0	6235130.0	8478965.0	562114.0
	15.0	16.0	17.0	18.0	19.0	20.0	21.0	22.0	23.0	24.0	25.0	26.0	27.0	28.0	29.0	30.0	31.0	32.0	33.0	34.0	35.0	36.0	37.0	38.0	39.0	40.0
Sin-APnd_021-Ex1-6B-lcwgs-1-1.1	1.0	45.0	941.0	10482.0	53068.0	128685.0	155051.0	138499.0	122551.0	134290.0	151328.0	184182.0	217780.0	277438.0	341105.0	456090.0	603009.0	869784.0	1263593.0	2042337.0	3368160.0	6783232.0	7679346.0	5695863.0	2760671.0	34484.0
	13.0	14.0	15.0	16.0	17.0	18.0	19.0	20.0	21.0	22.0	23.0	24.0	25.0	26.0	27.0	28.0	29.0	30.0	31.0	32.0	33.0	34.0	35.0	36.0	37.0	38.0	39.0	40.0
Sin-APnd_021-Ex1-6B-lcwgs-1-1.2	13.0	61.0	1333.0	15313.0	71140.0	191471.0	302247.0	341481.0	274299.0	215626.0	186409.0	196730.0	210027.0	241812.0	264101.0	310486.0	355166.0	441654.0	522285.0	640354.0	743516.0	975911.0	1290774.0	1932661.0	3287973.0	7043496.0	12419710.0	995966.0
	16.0	17.0	18.0	19.0	20.0	21.0	22.0	23.0	24.0	25.0	26.0	27.0	28.0	29.0	30.0	31.0	32.0	33.0	34.0	35.0	36.0	37.0	38.0	39.0	40.0
Sin-APnd_022-Ex1-6C-lcwgs-1-1.1	21.0	327.0	4816.0	24556.0	59091.0	69273.0	61055.0	55254.0	61583.0	69901.0	85012.0	101521.0	129758.0	159417.0	213643.0	281789.0	404773.0	583607.0	943097.0	1572471.0	3201887.0	3623700.0	2664322.0	1290240.0	17714.0
	13.0	14.0	15.0	16.0	17.0	18.0	19.0	20.0	21.0	22.0	23.0	24.0	25.0	26.0	27.0	28.0	29.0	30.0	31.0	32.0	33.0	34.0	35.0	36.0	37.0	38.0	39.0	40.0
Sin-APnd_022-Ex1-6C-lcwgs-1-1.2	3.0	41.0	601.0	7397.0	34331.0	94475.0	149081.0	163977.0	130689.0	104376.0	93044.0	100011.0	106392.0	122401.0	132954.0	155447.0	179389.0	225099.0	273541.0	339658.0	391763.0	502184.0	660535.0	986996.0	1646169.0	3459239.0	5278738.0	340297.0
	16.0	17.0	18.0	19.0	20.0	21.0	22.0	23.0	24.0	25.0	26.0	27.0	28.0	29.0	30.0	31.0	32.0	33.0	34.0	35.0	36.0	37.0	38.0	39.0	40.0
Sin-APnd_023-Ex1-6D-lcwgs-1-1.1	25.0	516.0	6918.0	35977.0	86422.0	102168.0	91330.0	83472.0	94282.0	106985.0	131645.0	155597.0	199425.0	244755.0	327570.0	430631.0	618546.0	887005.0	1427670.0	2414396.0	5066825.0	6125120.0	4735337.0	2338425.0	30477.0
	13.0	14.0	15.0	16.0	17.0	18.0	19.0	20.0	21.0	22.0	23.0	24.0	25.0	26.0	27.0	28.0	29.0	30.0	31.0	32.0	33.0	34.0	35.0	36.0	37.0	38.0	39.0	40.0
Sin-APnd_023-Ex1-6D-lcwgs-1-1.2	4.0	90.0	1188.0	13878.0	62057.0	160607.0	238916.0	257483.0	205409.0	166106.0	147855.0	157057.0	168461.0	194450.0	212146.0	249364.0	282176.0	346808.0	405983.0	495193.0	571464.0	741980.0	977054.0	1446458.0	2432571.0	5269565.0	9686977.0	850219.0
	16.0	17.0	18.0	19.0	20.0	21.0	22.0	23.0	24.0	25.0	26.0	27.0	28.0	29.0	30.0	31.0	32.0	33.0	34.0	35.0	36.0	37.0	38.0	39.0	40.0
Sin-APnd_024-Ex1-6E-lcwgs-1-1.1	3.0	110.0	1872.0	9520.0	23147.0	25913.0	21105.0	18046.0	19907.0	22803.0	27909.0	32868.0	42194.0	51988.0	69998.0	92736.0	132679.0	191100.0	306388.0	513484.0	1050798.0	1149697.0	778024.0	339424.0	4009.0
	13.0	14.0	15.0	16.0	17.0	18.0	19.0	20.0	21.0	22.0	23.0	24.0	25.0	26.0	27.0	28.0	29.0	30.0	31.0	32.0	33.0	34.0	35.0	36.0	37.0	38.0	39.0	40.0
Sin-APnd_024-Ex1-6E-lcwgs-1-1.2	1.0	13.0	235.0	2816.0	12755.0	33074.0	51405.0	56858.0	44908.0	35367.0	30140.0	31759.0	33451.0	38100.0	41247.0	48086.0	53986.0	66641.0	77527.0	93377.0	107925.0	139395.0	183061.0	275496.0	472970.0	1039921.0	1814655.0	140553.0
	15.0	16.0	17.0	18.0	19.0	20.0	21.0	22.0	23.0	24.0	25.0	26.0	27.0	28.0	29.0	30.0	31.0	32.0	33.0	34.0	35.0	36.0	37.0	38.0	39.0	40.0
Sin-APnd_025-Ex1-6F-lcwgs-1-1.1	1.0	16.0	562.0	7749.0	42722.0	105000.0	122454.0	105809.0	95237.0	106487.0	120075.0	149390.0	177955.0	227918.0	281704.0	381718.0	507782.0	735535.0	1073834.0	1758583.0	2969893.0	6160257.0	6932484.0	4906874.0	2234852.0	23216.0
	13.0	14.0	15.0	16.0	17.0	18.0	19.0	20.0	21.0	22.0	23.0	24.0	25.0	26.0	27.0	28.0	29.0	30.0	31.0	32.0	33.0	34.0	35.0	36.0	37.0	38.0	39.0	40.0
Sin-APnd_025-Ex1-6F-lcwgs-1-1.2	5.0	59.0	1196.0	14456.0	65038.0	172147.0	265278.0	293598.0	235071.0	185408.0	162190.0	170380.0	181730.0	206979.0	225127.0	260721.0	296950.0	361191.0	425988.0	521964.0	610245.0	795439.0	1051624.0	1593952.0	2752213.0	6167915.0	11294128.0	917115.0
	19.0	20.0	21.0	22.0	23.0	24.0	25.0	26.0	27.0	28.0	29.0	30.0	31.0	32.0	33.0	34.0	35.0	36.0	37.0	38.0	39.0	40.0
Sin-CPnd_010-Ex1-2F-lcwgs-1-1.1	1.0	1.0	3.0	1.0	4.0	4.0	4.0	4.0	3.0	5.0	11.0	17.0	22.0	19.0	32.0	61.0	104.0	161.0	281.0	166.0	107.0	2.0
	18.0	19.0	20.0	21.0	22.0	23.0	24.0	25.0	26.0	27.0	28.0	29.0	30.0	31.0	32.0	33.0	34.0	35.0	36.0	37.0	38.0	39.0	40.0
Sin-CPnd_010-Ex1-2F-lcwgs-1-1.2	3.0	1.0	9.0	6.0	7.0	5.0	4.0	2.0	9.0	9.0	6.0	12.0	16.0	15.0	17.0	26.0	28.0	44.0	45.0	117.0	253.0	353.0	26.0
	18.0	19.0	20.0	21.0	22.0	23.0	24.0	25.0	26.0	27.0	28.0	29.0	30.0	31.0	32.0	33.0	34.0	35.0	36.0	37.0	38.0	39.0	40.0
Sin-CPnd_011-Ex1-10H-lcwgs-1-1.1	1.0	2.0	3.0	7.0	7.0	5.0	7.0	9.0	6.0	10.0	14.0	16.0	24.0	59.0	73.0	125.0	195.0	301.0	467.0	350.0	243.0	132.0	1.0
	16.0	17.0	18.0	19.0	20.0	21.0	22.0	23.0	24.0	25.0	26.0	27.0	28.0	29.0	30.0	31.0	32.0	33.0	34.0	35.0	36.0	37.0	38.0	39.0	40.0
Sin-CPnd_011-Ex1-10H-lcwgs-1-1.2	1.0	3.0	12.0	17.0	16.0	16.0	6.0	10.0	9.0	11.0	17.0	14.0	18.0	18.0	27.0	35.0	42.0	46.0	75.0	78.0	137.0	218.0	439.0	734.0	58.0
	20.0	21.0	22.0	23.0	24.0	25.0	26.0	27.0	28.0	29.0	30.0	31.0	32.0	33.0	34.0	35.0	36.0	37.0	38.0	39.0	40.0
Sin-CPnd_012-Ex1-2G-lcwgs-1-1.1	1.0	3.0	3.0	7.0	0.0	7.0	3.0	6.0	5.0	13.0	18.0	18.0	29.0	34.0	65.0	77.0	160.0	226.0	153.0	79.0	2.0
	17.0	18.0	19.0	20.0	21.0	22.0	23.0	24.0	25.0	26.0	27.0	28.0	29.0	30.0	31.0	32.0	33.0	34.0	35.0	36.0	37.0	38.0	39.0	40.0
Sin-CPnd_012-Ex1-2G-lcwgs-1-1.2	2.0	4.0	6.0	10.0	6.0	5.0	10.0	4.0	10.0	11.0	15.0	9.0	10.0	14.0	30.0	26.0	29.0	44.0	61.0	84.0	98.0	185.0	224.0	12.0
	18.0	19.0	20.0	21.0	22.0	23.0	24.0	25.0	26.0	27.0	28.0	29.0	30.0	31.0	32.0	33.0	34.0	35.0	36.0	37.0	38.0	39.0	40.0
Sin-CPnd_013-Ex1-4E-lcwgs-1-1.1	6.0	27.0	80.0	103.0	79.0	79.0	118.0	91.0	146.0	198.0	218.0	284.0	342.0	488.0	726.0	1186.0	1930.0	3035.0	5372.0	5553.0	5101.0	3787.0	55.0
	16.0	17.0	18.0	19.0	20.0	21.0	22.0	23.0	24.0	25.0	26.0	27.0	28.0	29.0	30.0	31.0	32.0	33.0	34.0	35.0	36.0	37.0	38.0	39.0	40.0
Sin-CPnd_013-Ex1-4E-lcwgs-1-1.2	8.0	43.0	115.0	222.0	295.0	240.0	202.0	180.0	215.0	212.0	247.0	283.0	335.0	465.0	598.0	778.0	975.0	1183.0	1511.0	1908.0	2695.0	3849.0	5797.0	6438.0	210.0
	20.0	21.0	22.0	23.0	24.0	25.0	26.0	27.0	28.0	29.0	30.0	31.0	32.0	33.0	34.0	35.0	36.0	37.0	38.0	39.0
Sin-CPnd_014-Ex1-3F-lcwgs-1-1.1	1.0	0.0	1.0	1.0	2.0	2.0	1.0	1.0	1.0	2.0	7.0	5.0	6.0	17.0	14.0	22.0	49.0	89.0	57.0	32.0
	19.0	20.0	21.0	22.0	23.0	24.0	25.0	26.0	27.0	28.0	29.0	30.0	31.0	32.0	33.0	34.0	35.0	36.0	37.0	38.0	39.0	40.0
Sin-CPnd_014-Ex1-3F-lcwgs-1-1.2	2.0	3.0	1.0	2.0	1.0	2.0	1.0	0.0	3.0	2.0	4.0	3.0	10.0	3.0	4.0	2.0	9.0	17.0	37.0	90.0	108.0	6.0
	18.0	19.0	20.0	21.0	22.0	23.0	24.0	25.0	26.0	27.0	28.0	29.0	30.0	31.0	32.0	33.0	34.0	35.0	36.0	37.0	38.0	39.0	40.0
Sin-CPnd_015-Ex1-4A-lcwgs-1-1.1	4.0	31.0	64.0	80.0	65.0	86.0	92.0	89.0	135.0	175.0	230.0	269.0	385.0	527.0	738.0	1187.0	1976.0	3184.0	5295.0	5528.0	4670.0	3469.0	55.0
	15.0	16.0	17.0	18.0	19.0	20.0	21.0	22.0	23.0	24.0	25.0	26.0	27.0	28.0	29.0	30.0	31.0	32.0	33.0	34.0	35.0	36.0	37.0	38.0	39.0	40.0
Sin-CPnd_015-Ex1-4A-lcwgs-1-1.2	1.0	11.0	21.0	119.0	228.0	238.0	234.0	197.0	155.0	160.0	202.0	231.0	247.0	276.0	327.0	367.0	406.0	544.0	655.0	852.0	1167.0	1782.0	2899.0	6232.0	10017.0	766.0
	21.0	22.0	23.0	24.0	25.0	26.0	27.0	28.0	29.0	30.0	31.0	32.0	33.0	34.0	35.0	36.0	37.0	38.0	39.0
Sin-CPnd_016-Ex1-1E-lcwgs-1-1.1	1.0	0.0	1.0	0.0	0.0	0.0	0.0	0.0	0.0	0.0	1.0	0.0	0.0	0.0	0.0	3.0	1.0	3.0	2.0
	19.0	20.0	21.0	22.0	23.0	24.0	25.0	26.0	27.0	28.0	29.0	30.0	31.0	32.0	33.0	34.0	35.0	36.0	37.0	38.0	39.0
Sin-CPnd_016-Ex1-1E-lcwgs-1-1.2	1.0	0.0	0.0	0.0	0.0	0.0	2.0	0.0	0.0	0.0	0.0	0.0	0.0	0.0	0.0	1.0	1.0	0.0	2.0	3.0	2.0
	18.0	19.0	20.0	21.0	22.0	23.0	24.0	25.0	26.0	27.0	28.0	29.0	30.0	31.0	32.0	33.0	34.0	35.0	36.0	37.0	38.0	39.0
Sin-CPnd_017-Ex1-4G-lcwgs-1-1.1	1.0	2.0	3.0	2.0	6.0	0.0	5.0	5.0	4.0	5.0	7.0	7.0	30.0	31.0	46.0	59.0	99.0	142.0	254.0	234.0	213.0	129.0
	16.0	17.0	18.0	19.0	20.0	21.0	22.0	23.0	24.0	25.0	26.0	27.0	28.0	29.0	30.0	31.0	32.0	33.0	34.0	35.0	36.0	37.0	38.0	39.0	40.0
Sin-CPnd_017-Ex1-4G-lcwgs-1-1.2	1.0	3.0	8.0	7.0	10.0	7.0	7.0	7.0	10.0	8.0	14.0	13.0	15.0	32.0	35.0	36.0	41.0	46.0	59.0	97.0	108.0	158.0	279.0	274.0	9.0
	18.0	19.0	20.0	21.0	22.0	23.0	24.0	25.0	26.0	27.0	28.0	29.0	30.0	31.0	32.0	33.0	34.0	35.0	36.0	37.0	38.0	39.0	40.0
Sin-CPnd_018-Ex1-11A-lcwgs-1-1.1	5.0	29.0	72.0	85.0	78.0	67.0	92.0	97.0	113.0	117.0	183.0	201.0	306.0	389.0	547.0	729.0	1166.0	1718.0	3161.0	5773.0	5783.0	3525.0	61.0
	16.0	17.0	18.0	19.0	20.0	21.0	22.0	23.0	24.0	25.0	26.0	27.0	28.0	29.0	30.0	31.0	32.0	33.0	34.0	35.0	36.0	37.0	38.0	39.0	40.0
Sin-CPnd_018-Ex1-11A-lcwgs-1-1.2	8.0	40.0	104.0	204.0	231.0	188.0	177.0	129.0	172.0	179.0	229.0	240.0	251.0	332.0	387.0	424.0	538.0	606.0	842.0	1096.0	1605.0	2707.0	5326.0	7755.0	527.0
	17.0	18.0	19.0	20.0	21.0	22.0	23.0	24.0	25.0	26.0	27.0	28.0	29.0	30.0	31.0	32.0	33.0	34.0	35.0	36.0	37.0	38.0	39.0	40.0
Sin-CPnd_019-Ex1-1H-lcwgs-1-1.1	3.0	5.0	32.0	64.0	83.0	97.0	81.0	122.0	109.0	140.0	179.0	243.0	310.0	429.0	523.0	830.0	1118.0	1694.0	2727.0	5062.0	9108.0	8485.0	4903.0	67.0
	15.0	16.0	17.0	18.0	19.0	20.0	21.0	22.0	23.0	24.0	25.0	26.0	27.0	28.0	29.0	30.0	31.0	32.0	33.0	34.0	35.0	36.0	37.0	38.0	39.0	40.0
Sin-CPnd_019-Ex1-1H-lcwgs-1-1.2	4.0	7.0	47.0	143.0	247.0	310.0	221.0	234.0	186.0	197.0	224.0	237.0	277.0	260.0	364.0	456.0	531.0	630.0	846.0	1042.0	1369.0	1993.0	3656.0	7879.0	13852.0	1202.0
	17.0	18.0	19.0	20.0	21.0	22.0	23.0	24.0	25.0	26.0	27.0	28.0	29.0	30.0	31.0	32.0	33.0	34.0	35.0	36.0	37.0	38.0	39.0	40.0
Sin-CPnd_020-Ex1-12E-lcwgs-1-1.1	1.0	9.0	30.0	48.0	38.0	31.0	25.0	25.0	27.0	31.0	35.0	57.0	78.0	81.0	110.0	179.0	243.0	401.0	644.0	1208.0	1326.0	1379.0	1208.0	29.0
	16.0	17.0	18.0	19.0	20.0	21.0	22.0	23.0	24.0	25.0	26.0	27.0	28.0	29.0	30.0	31.0	32.0	33.0	34.0	35.0	36.0	37.0	38.0	39.0	40.0
Sin-CPnd_020-Ex1-12E-lcwgs-1-1.2	4.0	21.0	50.0	58.0	104.0	68.0	52.0	56.0	37.0	48.0	37.0	51.0	46.0	57.0	79.0	95.0	106.0	138.0	175.0	306.0	383.0	772.0	1574.0	2731.0	195.0
	17.0	18.0	19.0	20.0	21.0	22.0	23.0	24.0	25.0	26.0	27.0	28.0	29.0	30.0	31.0	32.0	33.0	34.0	35.0	36.0	37.0	38.0	39.0	40.0
Sin-CPnd_021-Ex1-3D-lcwgs-1-1.1	7.0	217.0	1220.0	2892.0	3682.0	4009.0	4186.0	4982.0	6008.0	7477.0	8965.0	11901.0	14774.0	20237.0	26860.0	38736.0	56645.0	91864.0	144005.0	273423.0	396624.0	297145.0	174370.0	2773.0
	14.0	15.0	16.0	17.0	18.0	19.0	20.0	21.0	22.0	23.0	24.0	25.0	26.0	27.0	28.0	29.0	30.0	31.0	32.0	33.0	34.0	35.0	36.0	37.0	38.0	39.0	40.0
Sin-CPnd_021-Ex1-3D-lcwgs-1-1.2	2.0	36.0	349.0	1882.0	6021.0	10569.0	12648.0	10845.0	9466.0	8735.0	9208.0	9853.0	11646.0	13026.0	15643.0	18205.0	23242.0	27354.0	33037.0	36892.0	48617.0	65446.0	99800.0	172501.0	358715.0	551486.0	37778.0
	18.0	19.0	20.0	21.0	22.0	23.0	24.0	25.0	26.0	27.0	28.0	29.0	30.0	31.0	32.0	33.0	34.0	35.0	36.0	37.0	38.0	39.0	40.0
Sin-CPnd_022-Ex1-1D-lcwgs-1-1.1	2.0	30.0	94.0	77.0	86.0	80.0	101.0	111.0	127.0	151.0	184.0	249.0	326.0	404.0	583.0	807.0	1272.0	1919.0	3540.0	6114.0	6630.0	4596.0	67.0
	16.0	17.0	18.0	19.0	20.0	21.0	22.0	23.0	24.0	25.0	26.0	27.0	28.0	29.0	30.0	31.0	32.0	33.0	34.0	35.0	36.0	37.0	38.0	39.0	40.0
Sin-CPnd_022-Ex1-1D-lcwgs-1-1.2	11.0	29.0	136.0	234.0	307.0	225.0	211.0	184.0	192.0	165.0	201.0	199.0	235.0	294.0	340.0	444.0	565.0	641.0	877.0	1140.0	1793.0	3051.0	6152.0	9359.0	565.0
	18.0	19.0	20.0	21.0	22.0	23.0	24.0	25.0	26.0	27.0	28.0	29.0	30.0	31.0	32.0	33.0	34.0	35.0	36.0	37.0	38.0	39.0	40.0
Sin-CPnd_023-Ex1-12B-lcwgs-1-1.1	21.0	70.0	104.0	86.0	68.0	50.0	53.0	51.0	60.0	92.0	104.0	147.0	164.0	235.0	353.0	537.0	871.0	1337.0	2280.0	2147.0	1605.0	1087.0	10.0
	16.0	17.0	18.0	19.0	20.0	21.0	22.0	23.0	24.0	25.0	26.0	27.0	28.0	29.0	30.0	31.0	32.0	33.0	34.0	35.0	36.0	37.0	38.0	39.0	40.0
Sin-CPnd_023-Ex1-12B-lcwgs-1-1.2	6.0	35.0	86.0	165.0	152.0	121.0	85.0	72.0	73.0	73.0	98.0	89.0	115.0	134.0	160.0	168.0	216.0	276.0	337.0	474.0	667.0	1185.0	2469.0	3989.0	287.0
	18.0	19.0	20.0	21.0	22.0	23.0	24.0	25.0	26.0	27.0	28.0	29.0	30.0	31.0	32.0	33.0	34.0	35.0	36.0	37.0	38.0	39.0	40.0
Sin-CPnd_024-Ex1-12C-lcwgs-1-1.1	22.0	138.0	270.0	305.0	255.0	244.0	304.0	323.0	389.0	564.0	682.0	830.0	1207.0	1611.0	2453.0	4071.0	6777.0	10634.0	20100.0	18155.0	14114.0	10547.0	177.0
	15.0	16.0	17.0	18.0	19.0	20.0	21.0	22.0	23.0	24.0	25.0	26.0	27.0	28.0	29.0	30.0	31.0	32.0	33.0	34.0	35.0	36.0	37.0	38.0	39.0	40.0
Sin-CPnd_024-Ex1-12C-lcwgs-1-1.2	1.0	25.0	101.0	334.0	635.0	715.0	667.0	525.0	466.0	520.0	521.0	577.0	706.0	846.0	992.0	1285.0	1599.0	1919.0	2221.0	2809.0	3796.0	6041.0	10421.0	21562.0	32785.0	2103.0
	18.0	19.0	20.0	21.0	22.0	23.0	24.0	25.0	26.0	27.0	28.0	29.0	30.0	31.0	32.0	33.0	34.0	35.0	36.0	37.0	38.0	39.0	40.0
Sin-CPnd_025-Ex1-3B-lcwgs-1-1.1	1.0	3.0	22.0	32.0	27.0	20.0	27.0	43.0	56.0	57.0	72.0	104.0	146.0	172.0	282.0	386.0	667.0	1071.0	1916.0	2548.0	1714.0	895.0	20.0
	16.0	17.0	18.0	19.0	20.0	21.0	22.0	23.0	24.0	25.0	26.0	27.0	28.0	29.0	30.0	31.0	32.0	33.0	34.0	35.0	36.0	37.0	38.0	39.0	40.0
Sin-CPnd_025-Ex1-3B-lcwgs-1-1.2	2.0	8.0	36.0	62.0	87.0	85.0	46.0	62.0	66.0	51.0	73.0	77.0	105.0	125.0	163.0	159.0	186.0	213.0	286.0	407.0	574.0	1108.0	2383.0	3640.0	277.0
	18.0	19.0	20.0	21.0	22.0	23.0	24.0	25.0	26.0	27.0	28.0	29.0	30.0	31.0	32.0	33.0	34.0	35.0	36.0	37.0	38.0	39.0	40.0
Sin-CPnd_026-Ex1-1G-lcwgs-1-1.1	1.0	0.0	1.0	3.0	1.0	1.0	2.0	1.0	0.0	4.0	3.0	3.0	5.0	8.0	6.0	6.0	14.0	17.0	35.0	54.0	90.0	80.0	1.0
	17.0	18.0	19.0	20.0	21.0	22.0	23.0	24.0	25.0	26.0	27.0	28.0	29.0	30.0	31.0	32.0	33.0	34.0	35.0	36.0	37.0	38.0	39.0	40.0
Sin-CPnd_026-Ex1-1G-lcwgs-1-1.2	1.0	1.0	4.0	5.0	5.0	1.0	5.0	5.0	3.0	1.0	5.0	5.0	1.0	5.0	7.0	5.0	6.0	9.0	18.0	20.0	39.0	70.0	114.0	1.0
	20.0	21.0	22.0	23.0	24.0	25.0	26.0	27.0	28.0	29.0	30.0	31.0	32.0	33.0	34.0	35.0	36.0	37.0	38.0	39.0
Sin-CPnd_027-Ex1-3A-lcwgs-1-1.1	1.0	2.0	2.0	2.0	2.0	0.0	4.0	2.0	2.0	3.0	4.0	4.0	6.0	13.0	12.0	20.0	26.0	46.0	34.0	16.0
	18.0	19.0	20.0	21.0	22.0	23.0	24.0	25.0	26.0	27.0	28.0	29.0	30.0	31.0	32.0	33.0	34.0	35.0	36.0	37.0	38.0	39.0	40.0
Sin-CPnd_027-Ex1-3A-lcwgs-1-1.2	2.0	4.0	1.0	4.0	4.0	0.0	6.0	2.0	1.0	3.0	3.0	6.0	6.0	7.0	5.0	2.0	6.0	8.0	12.0	22.0	43.0	52.0	2.0
	18.0	19.0	20.0	21.0	22.0	23.0	24.0	25.0	26.0	27.0	28.0	29.0	30.0	31.0	32.0	33.0	34.0	35.0	36.0	37.0	38.0	39.0	40.0
Sin-CPnd_028-Ex1-12H-lcwgs-1-1.1	4.0	16.0	34.0	25.0	19.0	13.0	15.0	18.0	17.0	24.0	29.0	45.0	61.0	58.0	108.0	145.0	231.0	364.0	672.0	525.0	374.0	221.0	6.0
	16.0	17.0	18.0	19.0	20.0	21.0	22.0	23.0	24.0	25.0	26.0	27.0	28.0	29.0	30.0	31.0	32.0	33.0	34.0	35.0	36.0	37.0	38.0	39.0	40.0
Sin-CPnd_028-Ex1-12H-lcwgs-1-1.2	1.0	7.0	19.0	47.0	49.0	33.0	29.0	20.0	24.0	25.0	25.0	25.0	37.0	34.0	46.0	48.0	58.0	59.0	83.0	108.0	191.0	332.0	638.0	1012.0	74.0
	18.0	19.0	20.0	21.0	22.0	23.0	24.0	25.0	26.0	27.0	28.0	29.0	30.0	31.0	32.0	33.0	34.0	35.0	36.0	37.0	38.0	39.0	40.0
Sin-CPnd_029-Ex1-4D-lcwgs-1-1.1	4.0	46.0	107.0	133.0	93.0	95.0	111.0	117.0	165.0	209.0	252.0	278.0	468.0	617.0	935.0	1297.0	2264.0	3540.0	6321.0	6669.0	5884.0	4526.0	72.0
	16.0	17.0	18.0	19.0	20.0	21.0	22.0	23.0	24.0	25.0	26.0	27.0	28.0	29.0	30.0	31.0	32.0	33.0	34.0	35.0	36.0	37.0	38.0	39.0	40.0
Sin-CPnd_029-Ex1-4D-lcwgs-1-1.2	6.0	31.0	158.0	262.0	325.0	303.0	225.0	199.0	210.0	213.0	221.0	265.0	309.0	370.0	466.0	578.0	674.0	762.0	1018.0	1457.0	2205.0	3787.0	7779.0	11667.0	713.0
	18.0	19.0	20.0	21.0	22.0	23.0	24.0	25.0	26.0	27.0	28.0	29.0	30.0	31.0	32.0	33.0	34.0	35.0	36.0	37.0	38.0	39.0	40.0
Sin-CPnd_030-Ex1-10B-lcwgs-1-1.1	5.0	9.0	12.0	23.0	16.0	24.0	18.0	21.0	34.0	38.0	60.0	58.0	111.0	103.0	193.0	284.0	479.0	693.0	1091.0	949.0	625.0	308.0	4.0
	16.0	17.0	18.0	19.0	20.0	21.0	22.0	23.0	24.0	25.0	26.0	27.0	28.0	29.0	30.0	31.0	32.0	33.0	34.0	35.0	36.0	37.0	38.0	39.0	40.0
Sin-CPnd_030-Ex1-10B-lcwgs-1-1.2	1.0	10.0	24.0	49.0	43.0	53.0	37.0	29.0	38.0	30.0	32.0	34.0	61.0	58.0	81.0	77.0	109.0	141.0	156.0	218.0	329.0	566.0	1168.0	1680.0	134.0
	18.0	19.0	20.0	21.0	22.0	23.0	24.0	25.0	26.0	27.0	28.0	29.0	30.0	31.0	32.0	33.0	34.0	35.0	36.0	37.0	38.0	39.0	40.0
Sin-CPnd_031-Ex1-3G-lcwgs-1-1.1	1.0	29.0	46.0	78.0	79.0	96.0	85.0	132.0	161.0	178.0	251.0	325.0	409.0	571.0	888.0	1277.0	2124.0	3160.0	5836.0	8275.0	6983.0	4070.0	62.0
	15.0	16.0	17.0	18.0	19.0	20.0	21.0	22.0	23.0	24.0	25.0	26.0	27.0	28.0	29.0	30.0	31.0	32.0	33.0	34.0	35.0	36.0	37.0	38.0	39.0	40.0
Sin-CPnd_031-Ex1-3G-lcwgs-1-1.2	2.0	13.0	49.0	144.0	242.0	283.0	228.0	183.0	199.0	219.0	223.0	256.0	331.0	408.0	504.0	729.0	864.0	1051.0	1208.0	1536.0	2107.0	3060.0	4527.0	7491.0	8930.0	329.0
	18.0	19.0	20.0	21.0	22.0	23.0	24.0	25.0	26.0	27.0	28.0	29.0	30.0	31.0	32.0	33.0	34.0	35.0	36.0	37.0	38.0	39.0	40.0
Sin-CPnd_032-Ex1-3E-lcwgs-1-1.1	2.0	4.0	22.0	16.0	21.0	11.0	27.0	40.0	28.0	40.0	63.0	72.0	87.0	130.0	171.0	274.0	467.0	686.0	1252.0	1925.0	1727.0	1093.0	17.0
	17.0	18.0	19.0	20.0	21.0	22.0	23.0	24.0	25.0	26.0	27.0	28.0	29.0	30.0	31.0	32.0	33.0	34.0	35.0	36.0	37.0	38.0	39.0	40.0
Sin-CPnd_032-Ex1-3E-lcwgs-1-1.2	5.0	38.0	59.0	74.0	57.0	38.0	45.0	50.0	47.0	77.0	79.0	99.0	98.0	146.0	220.0	260.0	329.0	465.0	501.0	714.0	1003.0	1740.0	1966.0	65.0
	17.0	18.0	19.0	20.0	21.0	22.0	23.0	24.0	25.0	26.0	27.0	28.0	29.0	30.0	31.0	32.0	33.0	34.0	35.0	36.0	37.0	38.0	39.0	40.0
Sin-CPnd_033-Ex1-1B-lcwgs-1-1.1	4.0	123.0	570.0	1307.0	1679.0	1624.0	1653.0	1927.0	2173.0	2655.0	3181.0	4131.0	4851.0	6397.0	8388.0	11767.0	16282.0	24902.0	38278.0	70506.0	118593.0	141570.0	106505.0	1927.0
	14.0	15.0	16.0	17.0	18.0	19.0	20.0	21.0	22.0	23.0	24.0	25.0	26.0	27.0	28.0	29.0	30.0	31.0	32.0	33.0	34.0	35.0	36.0	37.0	38.0	39.0	40.0
Sin-CPnd_033-Ex1-1B-lcwgs-1-1.2	1.0	19.0	196.0	962.0	3002.0	5151.0	6304.0	5360.0	4301.0	3818.0	3877.0	3745.0	4267.0	4499.0	5031.0	5612.0	6928.0	8141.0	10404.0	12708.0	17831.0	24829.0	37309.0	62409.0	130605.0	191956.0	11728.0
	19.0	20.0	21.0	22.0	23.0	24.0	25.0	26.0	27.0	28.0	29.0	30.0	31.0	32.0	33.0	34.0	35.0	36.0	37.0	38.0	39.0	40.0
Sin-CPnd_034-Ex1-3C-lcwgs-1-1.1	8.0	32.0	30.0	23.0	24.0	34.0	33.0	69.0	58.0	73.0	115.0	158.0	183.0	307.0	393.0	700.0	1076.0	2004.0	3092.0	2573.0	1688.0	27.0
	15.0	16.0	17.0	18.0	19.0	20.0	21.0	22.0	23.0	24.0	25.0	26.0	27.0	28.0	29.0	30.0	31.0	32.0	33.0	34.0	35.0	36.0	37.0	38.0	39.0	40.0
Sin-CPnd_034-Ex1-3C-lcwgs-1-1.2	1.0	3.0	15.0	62.0	94.0	98.0	76.0	73.0	63.0	62.0	85.0	84.0	86.0	94.0	128.0	167.0	181.0	223.0	283.0	354.0	442.0	759.0	1308.0	2767.0	4784.0	408.0
	18.0	19.0	20.0	21.0	22.0	23.0	24.0	25.0	26.0	27.0	28.0	29.0	30.0	31.0	32.0	33.0	34.0	35.0	36.0	37.0	38.0	39.0	40.0
Sin-CPnd_035-Ex1-12D-lcwgs-1-1.1	3.0	35.0	58.0	59.0	47.0	31.0	38.0	37.0	41.0	35.0	58.0	69.0	106.0	142.0	190.0	290.0	429.0	689.0	1206.0	1272.0	1088.0	805.0	14.0
	16.0	17.0	18.0	19.0	20.0	21.0	22.0	23.0	24.0	25.0	26.0	27.0	28.0	29.0	30.0	31.0	32.0	33.0	34.0	35.0	36.0	37.0	38.0	39.0	40.0
Sin-CPnd_035-Ex1-12D-lcwgs-1-1.2	4.0	14.0	55.0	81.0	103.0	88.0	61.0	40.0	49.0	45.0	51.0	65.0	62.0	88.0	96.0	121.0	146.0	164.0	206.0	264.0	363.0	673.0	1408.0	2342.0	153.0
	22.0	23.0	24.0	25.0	26.0	27.0	28.0	29.0	30.0	31.0	32.0	33.0	34.0	35.0	36.0	37.0	38.0	39.0
Sin-CPnd_037-Ex1-4F-lcwgs-1-1.1	2.0	1.0	1.0	0.0	1.0	0.0	1.0	1.0	1.0	0.0	4.0	1.0	7.0	12.0	22.0	17.0	19.0	11.0
	19.0	20.0	21.0	22.0	23.0	24.0	25.0	26.0	27.0	28.0	29.0	30.0	31.0	32.0	33.0	34.0	35.0	36.0	37.0	38.0	39.0	40.0
Sin-CPnd_037-Ex1-4F-lcwgs-1-1.2	2.0	0.0	1.0	1.0	0.0	0.0	1.0	1.0	0.0	2.0	1.0	0.0	2.0	3.0	2.0	4.0	6.0	5.0	8.0	20.0	40.0	2.0
	18.0	19.0	20.0	21.0	22.0	23.0	24.0	25.0	26.0	27.0	28.0	29.0	30.0	31.0	32.0	33.0	34.0	35.0	36.0	37.0	38.0	39.0	40.0
Sin-CPnd_038-Ex1-11C-lcwgs-1-1.1	3.0	9.0	35.0	26.0	42.0	31.0	35.0	37.0	55.0	45.0	68.0	84.0	127.0	178.0	191.0	338.0	459.0	698.0	1302.0	2180.0	2113.0	1090.0	16.0
	16.0	17.0	18.0	19.0	20.0	21.0	22.0	23.0	24.0	25.0	26.0	27.0	28.0	29.0	30.0	31.0	32.0	33.0	34.0	35.0	36.0	37.0	38.0	39.0	40.0
Sin-CPnd_038-Ex1-11C-lcwgs-1-1.2	3.0	15.0	54.0	86.0	103.0	68.0	66.0	61.0	48.0	68.0	80.0	73.0	84.0	106.0	131.0	157.0	191.0	230.0	318.0	367.0	558.0	984.0	2079.0	3049.0	183.0
	18.0	19.0	20.0	21.0	22.0	23.0	24.0	25.0	26.0	27.0	28.0	29.0	30.0	31.0	32.0	33.0	34.0	35.0	36.0	37.0	38.0	39.0	40.0
Sin-CPnd_039-Ex1-10F-lcwgs-1-1.1	3.0	8.0	14.0	14.0	15.0	13.0	21.0	18.0	24.0	20.0	39.0	52.0	70.0	87.0	132.0	187.0	370.0	563.0	911.0	729.0	633.0	352.0	6.0
	16.0	17.0	18.0	19.0	20.0	21.0	22.0	23.0	24.0	25.0	26.0	27.0	28.0	29.0	30.0	31.0	32.0	33.0	34.0	35.0	36.0	37.0	38.0	39.0	40.0
Sin-CPnd_039-Ex1-10F-lcwgs-1-1.2	3.0	11.0	22.0	31.0	39.0	32.0	35.0	35.0	30.0	32.0	36.0	33.0	41.0	51.0	45.0	67.0	84.0	86.0	115.0	179.0	248.0	442.0	919.0	1560.0	105.0
	18.0	19.0	20.0	21.0	22.0	23.0	24.0	25.0	26.0	27.0	28.0	29.0	30.0	31.0	32.0	33.0	34.0	35.0	36.0	37.0	38.0	39.0	40.0
Sin-CPnd_040-Ex1-11E-lcwgs-1-1.1	1.0	11.0	26.0	35.0	28.0	27.0	29.0	33.0	37.0	60.0	58.0	76.0	105.0	140.0	171.0	254.0	356.0	559.0	973.0	1633.0	1826.0	1387.0	21.0
	16.0	17.0	18.0	19.0	20.0	21.0	22.0	23.0	24.0	25.0	26.0	27.0	28.0	29.0	30.0	31.0	32.0	33.0	34.0	35.0	36.0	37.0	38.0	39.0	40.0
Sin-CPnd_040-Ex1-11E-lcwgs-1-1.2	2.0	18.0	38.0	66.0	98.0	71.0	63.0	55.0	57.0	64.0	58.0	61.0	70.0	87.0	96.0	118.0	146.0	177.0	256.0	301.0	481.0	825.0	1720.0	2707.0	211.0
	18.0	19.0	20.0	21.0	22.0	23.0	24.0	25.0	26.0	27.0	28.0	29.0	30.0	31.0	32.0	33.0	34.0	35.0	36.0	37.0	38.0	39.0	40.0
Sin-CPnd_041-Ex1-1F-lcwgs-1-1.1	1.0	3.0	8.0	12.0	14.0	13.0	17.0	18.0	17.0	33.0	22.0	44.0	40.0	59.0	79.0	100.0	160.0	243.0	466.0	929.0	1385.0	1218.0	19.0
	17.0	18.0	19.0	20.0	21.0	22.0	23.0	24.0	25.0	26.0	27.0	28.0	29.0	30.0	31.0	32.0	33.0	34.0	35.0	36.0	37.0	38.0	39.0	40.0
Sin-CPnd_041-Ex1-1F-lcwgs-1-1.2	7.0	28.0	39.0	46.0	40.0	39.0	31.0	28.0	32.0	30.0	39.0	39.0	31.0	51.0	45.0	57.0	90.0	115.0	170.0	228.0	452.0	934.0	2108.0	221.0
	17.0	18.0	19.0	20.0	21.0	22.0	23.0	24.0	25.0	26.0	27.0	28.0	29.0	30.0	31.0	32.0	33.0	34.0	35.0	36.0	37.0	38.0	39.0	40.0
Sin-CPnd_042-Ex1-10D-lcwgs-1-1.1	1.0	10.0	71.0	128.0	136.0	134.0	155.0	199.0	225.0	286.0	328.0	411.0	546.0	767.0	978.0	1503.0	2349.0	3803.0	6002.0	10341.0	10012.0	8829.0	6540.0	92.0
	16.0	17.0	18.0	19.0	20.0	21.0	22.0	23.0	24.0	25.0	26.0	27.0	28.0	29.0	30.0	31.0	32.0	33.0	34.0	35.0	36.0	37.0	38.0	39.0	40.0
Sin-CPnd_042-Ex1-10D-lcwgs-1-1.2	13.0	57.0	245.0	433.0	460.0	426.0	355.0	296.0	319.0	391.0	445.0	498.0	543.0	594.0	741.0	867.0	1033.0	1205.0	1568.0	2094.0	3089.0	5604.0	11714.0	19342.0	1514.0
	18.0	19.0	20.0	21.0	22.0	23.0	24.0	25.0	26.0	27.0	28.0	29.0	30.0	31.0	32.0	33.0	34.0	35.0	36.0	37.0	38.0	39.0	40.0
Sin-CPnd_043-Ex1-1C-lcwgs-1-1.1	2.0	9.0	16.0	24.0	22.0	24.0	21.0	33.0	39.0	40.0	61.0	73.0	97.0	120.0	180.0	250.0	368.0	510.0	1009.0	1762.0	1891.0	1187.0	10.0
	16.0	17.0	18.0	19.0	20.0	21.0	22.0	23.0	24.0	25.0	26.0	27.0	28.0	29.0	30.0	31.0	32.0	33.0	34.0	35.0	36.0	37.0	38.0	39.0	40.0
Sin-CPnd_043-Ex1-1C-lcwgs-1-1.2	3.0	10.0	37.0	59.0	85.0	67.0	41.0	48.0	67.0	53.0	67.0	67.0	83.0	75.0	119.0	103.0	142.0	187.0	201.0	326.0	452.0	786.0	1707.0	2747.0	216.0
	17.0	18.0	19.0	20.0	21.0	22.0	23.0	24.0	25.0	26.0	27.0	28.0	29.0	30.0	31.0	32.0	33.0	34.0	35.0	36.0	37.0	38.0	39.0	40.0
Sin-CPnd_044-Ex1-2C-lcwgs-1-1.1	12.0	164.0	893.0	1994.0	2547.0	2744.0	2894.0	3448.0	4137.0	5066.0	6136.0	7872.0	9861.0	13362.0	17826.0	25326.0	37395.0	59545.0	94535.0	181744.0	278828.0	164116.0	89657.0	1346.0
	14.0	15.0	16.0	17.0	18.0	19.0	20.0	21.0	22.0	23.0	24.0	25.0	26.0	27.0	28.0	29.0	30.0	31.0	32.0	33.0	34.0	35.0	36.0	37.0	38.0	39.0	40.0
Sin-CPnd_044-Ex1-2C-lcwgs-1-1.2	1.0	24.0	193.0	1019.0	3438.0	6099.0	7575.0	6728.0	5957.0	5535.0	6061.0	6554.0	7609.0	8296.0	10179.0	11355.0	13473.0	15763.0	19312.0	21968.0	28600.0	39189.0	60524.0	109410.0	228602.0	359614.0	28370.0
	19.0	20.0	21.0	22.0	23.0	24.0	25.0	26.0	27.0	28.0	29.0	30.0	31.0	32.0	33.0	34.0	35.0	36.0	37.0	38.0	39.0	40.0
Sin-CPnd_045-Ex1-11H-lcwgs-1-1.1	4.0	10.0	23.0	8.0	15.0	16.0	17.0	22.0	27.0	32.0	39.0	60.0	67.0	101.0	151.0	243.0	365.0	661.0	1021.0	893.0	462.0	8.0
	16.0	17.0	18.0	19.0	20.0	21.0	22.0	23.0	24.0	25.0	26.0	27.0	28.0	29.0	30.0	31.0	32.0	33.0	34.0	35.0	36.0	37.0	38.0	39.0	40.0
Sin-CPnd_045-Ex1-11H-lcwgs-1-1.2	1.0	4.0	18.0	41.0	53.0	28.0	27.0	24.0	31.0	24.0	38.0	29.0	43.0	50.0	74.0	72.0	73.0	92.0	125.0	159.0	235.0	411.0	914.0	1537.0	142.0
	18.0	19.0	20.0	21.0	22.0	23.0	24.0	25.0	26.0	27.0	28.0	29.0	30.0	31.0	32.0	33.0	34.0	35.0	36.0	37.0	38.0	39.0	40.0
Sin-CPnd_049-Ex1-4C-lcwgs-1-1.1	2.0	16.0	29.0	29.0	19.0	29.0	23.0	35.0	46.0	57.0	65.0	94.0	125.0	171.0	234.0	365.0	623.0	985.0	1704.0	1854.0	1602.0	1258.0	23.0
	15.0	16.0	17.0	18.0	19.0	20.0	21.0	22.0	23.0	24.0	25.0	26.0	27.0	28.0	29.0	30.0	31.0	32.0	33.0	34.0	35.0	36.0	37.0	38.0	39.0	40.0
Sin-CPnd_049-Ex1-4C-lcwgs-1-1.2	2.0	1.0	11.0	49.0	71.0	92.0	74.0	62.0	52.0	65.0	58.0	76.0	64.0	84.0	89.0	136.0	138.0	180.0	194.0	255.0	334.0	599.0	965.0	2118.0	3337.0	282.0
	17.0	18.0	19.0	20.0	21.0	22.0	23.0	24.0	25.0	26.0	27.0	28.0	29.0	30.0	31.0	32.0	33.0	34.0	35.0	36.0	37.0	38.0	39.0	40.0
Sin-CPnd_050-Ex1-9B-lcwgs-1-1.1	5.0	33.0	164.0	318.0	352.0	335.0	309.0	346.0	340.0	445.0	531.0	700.0	815.0	1167.0	1514.0	2009.0	3001.0	4408.0	6745.0	12486.0	17787.0	14766.0	6800.0	90.0
	15.0	16.0	17.0	18.0	19.0	20.0	21.0	22.0	23.0	24.0	25.0	26.0	27.0	28.0	29.0	30.0	31.0	32.0	33.0	34.0	35.0	36.0	37.0	38.0	39.0	40.0
Sin-CPnd_050-Ex1-9B-lcwgs-1-1.2	2.0	37.0	140.0	445.0	704.0	831.0	631.0	518.0	468.0	488.0	550.0	618.0	630.0	760.0	865.0	1122.0	1292.0	1635.0	1790.0	2561.0	3444.0	4849.0	7848.0	15987.0	25413.0	1838.0
	18.0	19.0	20.0	21.0	22.0	23.0	24.0	25.0	26.0	27.0	28.0	29.0	30.0	31.0	32.0	33.0	34.0	35.0	36.0	37.0	38.0	39.0	40.0
Sin-CPnd_051-Ex1-12G-lcwgs-1-1.1	5.0	23.0	31.0	49.0	38.0	29.0	41.0	34.0	45.0	58.0	70.0	79.0	132.0	153.0	221.0	315.0	504.0	797.0	1398.0	1328.0	1074.0	765.0	19.0
	16.0	17.0	18.0	19.0	20.0	21.0	22.0	23.0	24.0	25.0	26.0	27.0	28.0	29.0	30.0	31.0	32.0	33.0	34.0	35.0	36.0	37.0	38.0	39.0	40.0
Sin-CPnd_051-Ex1-12G-lcwgs-1-1.2	5.0	12.0	60.0	84.0	119.0	66.0	38.0	58.0	57.0	49.0	45.0	72.0	79.0	98.0	97.0	115.0	146.0	158.0	227.0	287.0	499.0	803.0	1522.0	2330.0	182.0
	17.0	18.0	19.0	20.0	21.0	22.0	23.0	24.0	25.0	26.0	27.0	28.0	29.0	30.0	31.0	32.0	33.0	34.0	35.0	36.0	37.0	38.0	39.0	40.0
Sin-CPnd_053-Ex1-9G-lcwgs-1-1.1	2.0	47.0	239.0	584.0	540.0	380.0	300.0	339.0	394.0	488.0	558.0	740.0	969.0	1245.0	1621.0	2358.0	3209.0	4700.0	7369.0	12839.0	19506.0	16005.0	7532.0	96.0
	15.0	16.0	17.0	18.0	19.0	20.0	21.0	22.0	23.0	24.0	25.0	26.0	27.0	28.0	29.0	30.0	31.0	32.0	33.0	34.0	35.0	36.0	37.0	38.0	39.0	40.0
Sin-CPnd_053-Ex1-9G-lcwgs-1-1.2	5.0	61.0	184.0	544.0	989.0	1146.0	887.0	670.0	583.0	584.0	702.0	660.0	786.0	921.0	1053.0	1287.0	1504.0	1718.0	1949.0	2557.0	3336.0	4856.0	8378.0	17192.0	27415.0	2093.0
	17.0	18.0	19.0	20.0	21.0	22.0	23.0	24.0	25.0	26.0	27.0	28.0	29.0	30.0	31.0	32.0	33.0	34.0	35.0	36.0	37.0	38.0	39.0	40.0
Sin-CPnd_058-Ex1-9D-lcwgs-1-1.1	15.0	355.0	2052.0	4905.0	5945.0	5476.0	5054.0	5700.0	6458.0	8066.0	9500.0	12140.0	14992.0	20106.0	26358.0	37666.0	52828.0	83018.0	130317.0	255842.0	440536.0	447207.0	300048.0	4537.0
	15.0	16.0	17.0	18.0	19.0	20.0	21.0	22.0	23.0	24.0	25.0	26.0	27.0	28.0	29.0	30.0	31.0	32.0	33.0	34.0	35.0	36.0	37.0	38.0	39.0	40.0
Sin-CPnd_058-Ex1-9D-lcwgs-1-1.2	40.0	407.0	2311.0	7452.0	14533.0	17394.0	14645.0	11938.0	10701.0	10940.0	11545.0	13014.0	14233.0	16682.0	19394.0	23473.0	27317.0	32909.0	38489.0	50972.0	67854.0	104089.0	181486.0	396359.0	727033.0	63911.0
	18.0	19.0	20.0	21.0	22.0	23.0	24.0	25.0	26.0	27.0	28.0	29.0	30.0	31.0	32.0	33.0	34.0	35.0	36.0	37.0	38.0	39.0	40.0
Sin-CPnd_060-Ex1-2H-lcwgs-1-1.1	1.0	1.0	0.0	1.0	1.0	1.0	7.0	5.0	4.0	2.0	3.0	5.0	13.0	15.0	26.0	39.0	58.0	81.0	137.0	251.0	141.0	100.0	1.0
	17.0	18.0	19.0	20.0	21.0	22.0	23.0	24.0	25.0	26.0	27.0	28.0	29.0	30.0	31.0	32.0	33.0	34.0	35.0	36.0	37.0	38.0	39.0	40.0
Sin-CPnd_060-Ex1-2H-lcwgs-1-1.2	2.0	3.0	6.0	5.0	6.0	6.0	4.0	6.0	3.0	6.0	9.0	10.0	9.0	7.0	15.0	21.0	16.0	23.0	33.0	38.0	115.0	204.0	328.0	18.0
	18.0	19.0	20.0	21.0	22.0	23.0	24.0	25.0	26.0	27.0	28.0	29.0	30.0	31.0	32.0	33.0	34.0	35.0	36.0	37.0	38.0	39.0	40.0
Sin-CPnd_061-Ex1-9A-lcwgs-1-1.1	9.0	64.0	144.0	153.0	154.0	142.0	178.0	181.0	264.0	281.0	344.0	454.0	646.0	766.0	1074.0	1551.0	2398.0	3678.0	6731.0	10099.0	8014.0	4012.0	50.0
	15.0	16.0	17.0	18.0	19.0	20.0	21.0	22.0	23.0	24.0	25.0	26.0	27.0	28.0	29.0	30.0	31.0	32.0	33.0	34.0	35.0	36.0	37.0	38.0	39.0	40.0
Sin-CPnd_061-Ex1-9A-lcwgs-1-1.2	1.0	10.0	66.0	232.0	365.0	474.0	366.0	319.0	273.0	342.0	342.0	331.0	432.0	496.0	591.0	743.0	810.0	1047.0	1113.0	1415.0	1907.0	2889.0	4659.0	8965.0	12377.0	822.0
	17.0	18.0	19.0	20.0	21.0	22.0	23.0	24.0	25.0	26.0	27.0	28.0	29.0	30.0	31.0	32.0	33.0	34.0	35.0	36.0	37.0	38.0	39.0	40.0
Sin-CPnd_062-Ex1-11D-lcwgs-1-1.1	4.0	27.0	96.0	326.0	369.0	337.0	342.0	382.0	444.0	444.0	585.0	766.0	958.0	1185.0	1575.0	2194.0	3053.0	4535.0	7063.0	13094.0	22312.0	28078.0	21767.0	506.0
	15.0	16.0	17.0	18.0	19.0	20.0	21.0	22.0	23.0	24.0	25.0	26.0	27.0	28.0	29.0	30.0	31.0	32.0	33.0	34.0	35.0	36.0	37.0	38.0	39.0	40.0
Sin-CPnd_062-Ex1-11D-lcwgs-1-1.2	2.0	37.0	221.0	586.0	1122.0	1280.0	1020.0	864.0	707.0	729.0	725.0	846.0	923.0	981.0	1095.0	1397.0	1579.0	2029.0	2490.0	3400.0	4471.0	7043.0	11881.0	24865.0	37609.0	2540.0
	17.0	18.0	19.0	20.0	21.0	22.0	23.0	24.0	25.0	26.0	27.0	28.0	29.0	30.0	31.0	32.0	33.0	34.0	35.0	36.0	37.0	38.0	39.0	40.0
Sin-CPnd_063-Ex1-9F-lcwgs-1-1.1	3.0	25.0	112.0	262.0	309.0	266.0	220.0	259.0	318.0	376.0	477.0	630.0	735.0	996.0	1300.0	1792.0	2570.0	3977.0	6138.0	11259.0	17103.0	14324.0	7599.0	121.0
	15.0	16.0	17.0	18.0	19.0	20.0	21.0	22.0	23.0	24.0	25.0	26.0	27.0	28.0	29.0	30.0	31.0	32.0	33.0	34.0	35.0	36.0	37.0	38.0	39.0	40.0
Sin-CPnd_063-Ex1-9F-lcwgs-1-1.2	5.0	19.0	114.0	394.0	639.0	791.0	637.0	563.0	447.0	466.0	440.0	533.0	626.0	705.0	767.0	975.0	1130.0	1343.0	1540.0	2013.0	2630.0	4133.0	7230.0	15690.0	25479.0	1862.0
	18.0	19.0	20.0	21.0	22.0	23.0	24.0	25.0	26.0	27.0	28.0	29.0	30.0	31.0	32.0	33.0	34.0	35.0	36.0	37.0	38.0	39.0	40.0
Sin-CPnd_065-Ex1-11B-lcwgs-1-1.1	11.0	25.0	92.0	108.0	105.0	100.0	114.0	110.0	139.0	167.0	243.0	291.0	363.0	480.0	717.0	924.0	1457.0	2237.0	4058.0	6751.0	6741.0	4305.0	75.0
	15.0	16.0	17.0	18.0	19.0	20.0	21.0	22.0	23.0	24.0	25.0	26.0	27.0	28.0	29.0	30.0	31.0	32.0	33.0	34.0	35.0	36.0	37.0	38.0	39.0	40.0
Sin-CPnd_065-Ex1-11B-lcwgs-1-1.2	3.0	12.0	55.0	132.0	262.0	293.0	238.0	191.0	153.0	190.0	208.0	222.0	238.0	258.0	297.0	411.0	447.0	573.0	621.0	866.0	1208.0	1816.0	3135.0	6576.0	10436.0	772.0
	18.0	19.0	20.0	21.0	22.0	23.0	24.0	25.0	26.0	27.0	28.0	29.0	30.0	31.0	32.0	33.0	34.0	35.0	36.0	37.0	38.0	39.0	40.0
Sin-CPnd_067-Ex1-9C-lcwgs-1-1.1	30.0	163.0	347.0	403.0	335.0	347.0	414.0	441.0	508.0	694.0	876.0	1058.0	1478.0	1830.0	2617.0	3803.0	5718.0	8775.0	16708.0	26255.0	24982.0	15063.0	245.0
	15.0	16.0	17.0	18.0	19.0	20.0	21.0	22.0	23.0	24.0	25.0	26.0	27.0	28.0	29.0	30.0	31.0	32.0	33.0	34.0	35.0	36.0	37.0	38.0	39.0	40.0
Sin-CPnd_067-Ex1-9C-lcwgs-1-1.2	4.0	20.0	179.0	554.0	953.0	1202.0	932.0	764.0	713.0	786.0	763.0	861.0	947.0	1077.0	1224.0	1558.0	1842.0	2322.0	2673.0	3504.0	4629.0	7226.0	11996.0	25464.0	38515.0	2382.0
	19.0	20.0	21.0	22.0	23.0	24.0	25.0	26.0	27.0	28.0	29.0	30.0	31.0	32.0	33.0	34.0	35.0	36.0	37.0	38.0	39.0	40.0
Sin-CPnd_071-Ex1-10A-lcwgs-1-1.1	1.0	12.0	18.0	11.0	15.0	11.0	17.0	19.0	20.0	45.0	42.0	51.0	81.0	85.0	166.0	252.0	401.0	628.0	613.0	570.0	423.0	6.0
	17.0	18.0	19.0	20.0	21.0	22.0	23.0	24.0	25.0	26.0	27.0	28.0	29.0	30.0	31.0	32.0	33.0	34.0	35.0	36.0	37.0	38.0	39.0	40.0
Sin-CPnd_071-Ex1-10A-lcwgs-1-1.2	6.0	18.0	29.0	36.0	21.0	20.0	28.0	31.0	27.0	35.0	33.0	43.0	49.0	59.0	66.0	70.0	91.0	111.0	130.0	230.0	393.0	833.0	1063.0	65.0
	18.0	19.0	20.0	21.0	22.0	23.0	24.0	25.0	26.0	27.0	28.0	29.0	30.0	31.0	32.0	33.0	34.0	35.0	36.0	37.0	38.0	39.0	40.0
Sin-CPnd_074-Ex1-12A-lcwgs-1-1.1	5.0	19.0	38.0	27.0	20.0	11.0	11.0	20.0	26.0	21.0	32.0	48.0	52.0	78.0	94.0	146.0	254.0	417.0	664.0	503.0	384.0	229.0	4.0
	16.0	17.0	18.0	19.0	20.0	21.0	22.0	23.0	24.0	25.0	26.0	27.0	28.0	29.0	30.0	31.0	32.0	33.0	34.0	35.0	36.0	37.0	38.0	39.0	40.0
Sin-CPnd_074-Ex1-12A-lcwgs-1-1.2	3.0	7.0	29.0	59.0	49.0	47.0	20.0	28.0	17.0	23.0	26.0	24.0	41.0	48.0	55.0	66.0	80.0	66.0	131.0	138.0	222.0	361.0	659.0	850.0	54.0
	18.0	19.0	20.0	21.0	22.0	23.0	24.0	25.0	26.0	27.0	28.0	29.0	30.0	31.0	32.0	33.0	34.0	35.0	36.0	37.0	38.0	39.0	40.0
Sin-CPnd_075-Ex1-11G-lcwgs-1-1.1	5.0	18.0	52.0	57.0	53.0	45.0	37.0	55.0	56.0	71.0	95.0	126.0	189.0	232.0	337.0	434.0	739.0	1133.0	1960.0	3376.0	3112.0	1660.0	22.0
	15.0	16.0	17.0	18.0	19.0	20.0	21.0	22.0	23.0	24.0	25.0	26.0	27.0	28.0	29.0	30.0	31.0	32.0	33.0	34.0	35.0	36.0	37.0	38.0	39.0	40.0
Sin-CPnd_075-Ex1-11G-lcwgs-1-1.2	1.0	3.0	26.0	62.0	121.0	147.0	128.0	88.0	93.0	77.0	93.0	98.0	131.0	124.0	173.0	176.0	201.0	279.0	307.0	424.0	605.0	876.0	1460.0	3035.0	4760.0	376.0
	18.0	19.0	20.0	21.0	22.0	23.0	24.0	25.0	26.0	27.0	28.0	29.0	30.0	31.0	32.0	33.0	34.0	35.0	36.0	37.0	38.0	39.0	40.0
Sin-CPnd_076-Ex1-10E-lcwgs-1-1.1	7.0	21.0	54.0	58.0	47.0	52.0	46.0	82.0	77.0	100.0	131.0	163.0	235.0	356.0	529.0	820.0	1403.0	2201.0	3658.0	3181.0	2442.0	1624.0	18.0
	16.0	17.0	18.0	19.0	20.0	21.0	22.0	23.0	24.0	25.0	26.0	27.0	28.0	29.0	30.0	31.0	32.0	33.0	34.0	35.0	36.0	37.0	38.0	39.0	40.0
Sin-CPnd_076-Ex1-10E-lcwgs-1-1.2	4.0	31.0	79.0	115.0	152.0	118.0	92.0	104.0	76.0	123.0	119.0	124.0	183.0	198.0	216.0	254.0	324.0	369.0	488.0	633.0	988.0	1753.0	4032.0	6256.0	474.0
	17.0	18.0	19.0	20.0	21.0	22.0	23.0	24.0	25.0	26.0	27.0	28.0	29.0	30.0	31.0	32.0	33.0	34.0	35.0	36.0	37.0	38.0	39.0	40.0
Sin-CPnd_079-Ex1-9H-lcwgs-1-1.1	3.0	45.0	315.0	738.0	919.0	908.0	836.0	1001.0	1154.0	1524.0	1780.0	2371.0	2986.0	3977.0	5366.0	7437.0	11225.0	18140.0	27102.0	49621.0	75343.0	64447.0	37838.0	620.0
	14.0	15.0	16.0	17.0	18.0	19.0	20.0	21.0	22.0	23.0	24.0	25.0	26.0	27.0	28.0	29.0	30.0	31.0	32.0	33.0	34.0	35.0	36.0	37.0	38.0	39.0	40.0
Sin-CPnd_079-Ex1-9H-lcwgs-1-1.2	1.0	10.0	133.0	570.0	1481.0	2489.0	2896.0	2412.0	2093.0	1821.0	2029.0	2118.0	2250.0	2527.0	2916.0	3397.0	4287.0	4959.0	5922.0	6926.0	9182.0	12200.0	18714.0	32877.0	69372.0	113408.0	8706.0
	18.0	19.0	20.0	21.0	22.0	23.0	24.0	25.0	26.0	27.0	28.0	29.0	30.0	31.0	32.0	33.0	34.0	35.0	36.0	37.0	38.0	39.0	40.0
Sin-CPnd_080-Ex1-2E-lcwgs-1-1.1	4.0	13.0	36.0	50.0	57.0	71.0	75.0	95.0	112.0	135.0	175.0	227.0	288.0	377.0	559.0	789.0	1269.0	1915.0	3756.0	6311.0	5789.0	4251.0	82.0
	14.0	15.0	16.0	17.0	18.0	19.0	20.0	21.0	22.0	23.0	24.0	25.0	26.0	27.0	28.0	29.0	30.0	31.0	32.0	33.0	34.0	35.0	36.0	37.0	38.0	39.0	40.0
Sin-CPnd_080-Ex1-2E-lcwgs-1-1.2	1.0	1.0	9.0	23.0	114.0	160.0	188.0	158.0	139.0	138.0	141.0	169.0	186.0	217.0	243.0	324.0	455.0	611.0	792.0	876.0	1295.0	1582.0	2253.0	3276.0	5730.0	7066.0	289.0
	18.0	19.0	20.0	21.0	22.0	23.0	24.0	25.0	26.0	27.0	28.0	29.0	30.0	31.0	32.0	33.0	34.0	35.0	36.0	37.0	38.0	39.0	40.0
Sin-CPnd_081-Ex1-10G-lcwgs-1-1.1	5.0	6.0	17.0	19.0	14.0	12.0	18.0	24.0	34.0	30.0	49.0	65.0	69.0	103.0	195.0	234.0	383.0	648.0	1039.0	897.0	627.0	315.0	3.0
	16.0	17.0	18.0	19.0	20.0	21.0	22.0	23.0	24.0	25.0	26.0	27.0	28.0	29.0	30.0	31.0	32.0	33.0	34.0	35.0	36.0	37.0	38.0	39.0	40.0
Sin-CPnd_081-Ex1-10G-lcwgs-1-1.2	2.0	6.0	22.0	43.0	43.0	39.0	24.0	18.0	30.0	30.0	35.0	47.0	74.0	60.0	72.0	92.0	90.0	102.0	163.0	193.0	282.0	495.0	1046.0	1677.0	121.0
	20.0	21.0	22.0	23.0	24.0	25.0	26.0	27.0	28.0	29.0	30.0	31.0	32.0	33.0	34.0	35.0	36.0	37.0	38.0	39.0	40.0
Sin-CPnd_085-Ex1-4H-lcwgs-1-1.1	8.0	12.0	5.0	12.0	7.0	7.0	10.0	20.0	18.0	20.0	38.0	45.0	77.0	80.0	140.0	242.0	368.0	522.0	624.0	508.0	9.0
	17.0	18.0	19.0	20.0	21.0	22.0	23.0	24.0	25.0	26.0	27.0	28.0	29.0	30.0	31.0	32.0	33.0	34.0	35.0	36.0	37.0	38.0	39.0	40.0
Sin-CPnd_085-Ex1-4H-lcwgs-1-1.2	5.0	6.0	23.0	24.0	26.0	16.0	19.0	25.0	16.0	26.0	16.0	26.0	34.0	40.0	38.0	50.0	62.0	81.0	119.0	188.0	279.0	627.0	961.0	65.0
	17.0	18.0	19.0	20.0	21.0	22.0	23.0	24.0	25.0	26.0	27.0	28.0	29.0	30.0	31.0	32.0	33.0	34.0	35.0	36.0	37.0	38.0	39.0	40.0
Sin-CPnd_086-Ex1-2A-lcwgs-1-1.1	1.0	1.0	9.0	13.0	20.0	5.0	6.0	10.0	7.0	7.0	7.0	13.0	15.0	14.0	25.0	29.0	51.0	59.0	72.0	154.0	194.0	130.0	77.0	1.0
	16.0	17.0	18.0	19.0	20.0	21.0	22.0	23.0	24.0	25.0	26.0	27.0	28.0	29.0	30.0	31.0	32.0	33.0	34.0	35.0	36.0	37.0	38.0	39.0	40.0
Sin-CPnd_086-Ex1-2A-lcwgs-1-1.2	1.0	4.0	6.0	20.0	27.0	23.0	15.0	13.0	11.0	11.0	16.0	13.0	15.0	18.0	19.0	20.0	24.0	14.0	24.0	52.0	66.0	91.0	184.0	224.0	9.0
	20.0	21.0	22.0	23.0	24.0	25.0	26.0	27.0	28.0	29.0	30.0	31.0	32.0	33.0	34.0	35.0	36.0	37.0	38.0	39.0	40.0
Sin-CPnd_087-Ex1-4B-lcwgs-1-1.1	1.0	2.0	2.0	1.0	0.0	2.0	2.0	2.0	1.0	6.0	6.0	11.0	18.0	24.0	41.0	71.0	72.0	90.0	87.0	59.0	1.0
	18.0	19.0	20.0	21.0	22.0	23.0	24.0	25.0	26.0	27.0	28.0	29.0	30.0	31.0	32.0	33.0	34.0	35.0	36.0	37.0	38.0	39.0	40.0
Sin-CPnd_087-Ex1-4B-lcwgs-1-1.2	5.0	5.0	2.0	5.0	5.0	1.0	2.0	4.0	5.0	4.0	5.0	6.0	6.0	7.0	8.0	14.0	22.0	25.0	26.0	54.0	112.0	168.0	8.0
	16.0	17.0	18.0	19.0	20.0	21.0	22.0	23.0	24.0	25.0	26.0	27.0	28.0	29.0	30.0	31.0	32.0	33.0	34.0	35.0	36.0	37.0	38.0	39.0	40.0
Sin-CPnd_088-Ex1-2D-lcwgs-1-1.1	3.0	79.0	1154.0	5951.0	14172.0	18210.0	19450.0	19895.0	23021.0	26742.0	33635.0	40257.0	51698.0	64661.0	87573.0	114584.0	165347.0	238393.0	381101.0	608297.0	1207137.0	1939672.0	1319626.0	819684.0	12388.0
	14.0	15.0	16.0	17.0	18.0	19.0	20.0	21.0	22.0	23.0	24.0	25.0	26.0	27.0	28.0	29.0	30.0	31.0	32.0	33.0	34.0	35.0	36.0	37.0	38.0	39.0	40.0
Sin-CPnd_088-Ex1-2D-lcwgs-1-1.2	3.0	145.0	1523.0	7471.0	24043.0	44733.0	53659.0	46688.0	40204.0	37154.0	39605.0	42245.0	48002.0	54069.0	66164.0	78173.0	98738.0	116532.0	139560.0	159654.0	208337.0	282575.0	441037.0	778887.0	1647869.0	2583482.0	172178.0
	17.0	18.0	19.0	20.0	21.0	22.0	23.0	24.0	25.0	26.0	27.0	28.0	29.0	30.0	31.0	32.0	33.0	34.0	35.0	36.0	37.0	38.0	39.0	40.0
Sin-CPnd_089-Ex1-9E-lcwgs-1-1.1	2.0	18.0	86.0	169.0	182.0	145.0	112.0	135.0	128.0	190.0	211.0	293.0	341.0	470.0	599.0	877.0	1258.0	1869.0	2704.0	5218.0	7497.0	5829.0	2844.0	45.0
	16.0	17.0	18.0	19.0	20.0	21.0	22.0	23.0	24.0	25.0	26.0	27.0	28.0	29.0	30.0	31.0	32.0	33.0	34.0	35.0	36.0	37.0	38.0	39.0	40.0
Sin-CPnd_089-Ex1-9E-lcwgs-1-1.2	20.0	71.0	180.0	359.0	375.0	310.0	235.0	218.0	217.0	223.0	263.0	273.0	323.0	347.0	459.0	529.0	612.0	717.0	939.0	1216.0	1913.0	3267.0	6612.0	10756.0	788.0
	17.0	18.0	19.0	20.0	21.0	22.0	23.0	24.0	25.0	26.0	27.0	28.0	29.0	30.0	31.0	32.0	33.0	34.0	35.0	36.0	37.0	38.0	39.0	40.0
Sin-CPnd_090-Ex1-12F-lcwgs-1-1.1	1.0	20.0	31.0	54.0	57.0	36.0	26.0	19.0	22.0	29.0	36.0	55.0	52.0	90.0	97.0	156.0	254.0	311.0	543.0	1021.0	981.0	752.0	544.0	7.0
	15.0	16.0	17.0	18.0	19.0	20.0	21.0	22.0	23.0	24.0	25.0	26.0	27.0	28.0	29.0	30.0	31.0	32.0	33.0	34.0	35.0	36.0	37.0	38.0	39.0	40.0
Sin-CPnd_090-Ex1-12F-lcwgs-1-1.2	1.0	0.0	19.0	41.0	71.0	98.0	56.0	58.0	41.0	37.0	32.0	45.0	38.0	51.0	63.0	59.0	68.0	101.0	136.0	162.0	193.0	285.0	542.0	1114.0	1777.0	106.0
	20.0	21.0	22.0	23.0	24.0	25.0	26.0	27.0	28.0	29.0	30.0	31.0	32.0	33.0	34.0	35.0	36.0	37.0	38.0	39.0	40.0
Sin-CPnd_091-Ex1-1A-lcwgs-1-1.1	1.0	2.0	1.0	1.0	2.0	1.0	3.0	5.0	6.0	4.0	7.0	15.0	15.0	27.0	43.0	56.0	100.0	168.0	218.0	188.0	4.0
	17.0	18.0	19.0	20.0	21.0	22.0	23.0	24.0	25.0	26.0	27.0	28.0	29.0	30.0	31.0	32.0	33.0	34.0	35.0	36.0	37.0	38.0	39.0	40.0
Sin-CPnd_091-Ex1-1A-lcwgs-1-1.2	2.0	7.0	4.0	12.0	8.0	7.0	6.0	5.0	0.0	8.0	5.0	7.0	9.0	13.0	13.0	13.0	12.0	22.0	41.0	66.0	101.0	227.0	264.0	15.0
	18.0	19.0	20.0	21.0	22.0	23.0	24.0	25.0	26.0	27.0	28.0	29.0	30.0	31.0	32.0	33.0	34.0	35.0	36.0	37.0	38.0	39.0	40.0
Sin-CPnd_092-Ex1-11F-lcwgs-1-1.1	5.0	15.0	65.0	67.0	83.0	56.0	56.0	71.0	92.0	102.0	113.0	171.0	214.0	299.0	393.0	537.0	888.0	1227.0	2341.0	3967.0	3935.0	2631.0	55.0
	15.0	16.0	17.0	18.0	19.0	20.0	21.0	22.0	23.0	24.0	25.0	26.0	27.0	28.0	29.0	30.0	31.0	32.0	33.0	34.0	35.0	36.0	37.0	38.0	39.0	40.0
Sin-CPnd_092-Ex1-11F-lcwgs-1-1.2	2.0	8.0	23.0	91.0	155.0	203.0	150.0	140.0	100.0	134.0	99.0	122.0	149.0	163.0	174.0	216.0	262.0	327.0	395.0	493.0	714.0	1004.0	1771.0	3813.0	6251.0	424.0
	18.0	19.0	20.0	21.0	22.0	23.0	24.0	25.0	26.0	27.0	28.0	29.0	30.0	31.0	32.0	33.0	34.0	35.0	36.0	37.0	38.0	39.0	40.0
Sin-CPnd_093-Ex1-10C-lcwgs-1-1.1	1.0	9.0	18.0	25.0	30.0	27.0	25.0	32.0	36.0	52.0	70.0	92.0	140.0	169.0	244.0	407.0	666.0	1104.0	1803.0	1540.0	1141.0	756.0	13.0
	17.0	18.0	19.0	20.0	21.0	22.0	23.0	24.0	25.0	26.0	27.0	28.0	29.0	30.0	31.0	32.0	33.0	34.0	35.0	36.0	37.0	38.0	39.0	40.0
Sin-CPnd_093-Ex1-10C-lcwgs-1-1.2	9.0	46.0	75.0	79.0	59.0	56.0	59.0	52.0	52.0	61.0	60.0	73.0	96.0	123.0	146.0	180.0	214.0	243.0	341.0	525.0	977.0	1935.0	2781.0	158.0
	20.0	21.0	22.0	23.0	24.0	25.0	26.0	27.0	28.0	29.0	30.0	31.0	32.0	33.0	34.0	35.0	36.0	37.0	38.0	39.0	40.0
Sin-CPnd_094-Ex1-3H-lcwgs-1-1.1	6.0	7.0	11.0	5.0	3.0	9.0	15.0	11.0	16.0	19.0	37.0	45.0	58.0	76.0	135.0	193.0	410.0	637.0	779.0	640.0	13.0
	17.0	18.0	19.0	20.0	21.0	22.0	23.0	24.0	25.0	26.0	27.0	28.0	29.0	30.0	31.0	32.0	33.0	34.0	35.0	36.0	37.0	38.0	39.0	40.0
Sin-CPnd_094-Ex1-3H-lcwgs-1-1.2	7.0	11.0	32.0	33.0	27.0	17.0	19.0	29.0	14.0	17.0	26.0	18.0	19.0	26.0	43.0	41.0	66.0	90.0	123.0	202.0	307.0	712.0	1170.0	76.0
	18.0	19.0	20.0	21.0	22.0	23.0	24.0	25.0	26.0	27.0	28.0	29.0	30.0	31.0	32.0	33.0	34.0	35.0	36.0	37.0	38.0	39.0	40.0
Sin-CPnd_095-Ex1-2B-lcwgs-1-1.1	1.0	2.0	12.0	9.0	20.0	17.0	15.0	25.0	27.0	34.0	32.0	46.0	61.0	86.0	101.0	150.0	262.0	384.0	666.0	1074.0	817.0	519.0	10.0
	16.0	17.0	18.0	19.0	20.0	21.0	22.0	23.0	24.0	25.0	26.0	27.0	28.0	29.0	30.0	31.0	32.0	33.0	34.0	35.0	36.0	37.0	38.0	39.0	40.0
Sin-CPnd_095-Ex1-2B-lcwgs-1-1.2	1.0	5.0	20.0	34.0	47.0	42.0	30.0	29.0	29.0	32.0	32.0	29.0	44.0	52.0	51.0	64.0	74.0	94.0	131.0	157.0	293.0	415.0	968.0	1588.0	109.0
	13.0	14.0	15.0	16.0	17.0	18.0	19.0	20.0	21.0	22.0	23.0	24.0	25.0	26.0	27.0	28.0	29.0	30.0	31.0	32.0	33.0	34.0	35.0	36.0	37.0	38.0	39.0	40.0
Undetermined.1	8.0	21.0	94.0	1992.0	46667.0	523934.0	2276611.0	4979226.0	5175884.0	3422012.0	2176960.0	1990926.0	2010434.0	2254173.0	2465981.0	2907962.0	3397833.0	4347175.0	5412280.0	7338481.0	9846011.0	13700334.0	18282381.0	26583735.0	24681519.0	15946767.0	6921372.0	72610.0
	7.0	8.0	9.0	10.0	11.0	12.0	13.0	14.0	15.0	16.0	17.0	18.0	19.0	20.0	21.0	22.0	23.0	24.0	25.0	26.0	27.0	28.0	29.0	30.0	31.0	32.0	33.0	34.0	35.0	36.0	37.0	38.0	39.0	40.0
Undetermined.2	1.0	3.0	14.0	54.0	134.0	230.0	441.0	1493.0	30017.0	298846.0	1206015.0	3311448.0	5762794.0	7134143.0	5710406.0	3803423.0	2819333.0	2743198.0	2695762.0	2830075.0	2854903.0	3196280.0	3576709.0	4356227.0	5050441.0	5927393.0	6452285.0	7532978.0	8771801.0	11266834.0	15159357.0	23693924.0	28365819.0	2210602.0

