	32	37	42	47	52	57	62	67	72	77	82	87	92	97	102	107	112	117	122	127	132	137	142	147	150
Sin-APnd_001-Ex1-6G-lcwgs-1-1.clmp.r1	16840.0	73010.0	125445.0	185470.0	251386.0	334737.0	427625.0	510781.0	555596.0	560954.0	531409.0	488317.0	437534.0	379418.0	315473.0	263298.0	214900.0	175245.0	139918.0	114802.0	90548.0	73396.0	58878.0	96153.0	113252.0
	32	37	42	47	52	57	62	67	72	77	82	87	92	97	102	107	112	117	122	127	132	137	142	147	150
Sin-APnd_001-Ex1-6G-lcwgs-1-1.clmp.r2	16827.0	72853.0	125148.0	184724.0	250477.0	333497.0	425643.0	508451.0	553040.0	558344.0	529088.0	486619.0	436344.0	378255.0	314451.0	262213.0	214351.0	174817.0	139693.0	114678.0	90651.0	73680.0	59204.0	76495.0	154842.0
	32	37	42	47	52	57	62	67	72	77	82	87	92	97	102	107	112	117	122	127	132	137	142	147	150
Sin-APnd_002-Ex1-3G-lcwgs-1-1.clmp.r1	150874.0	612627.0	928339.0	1225151.0	1516530.0	1905038.0	2396633.0	2883170.0	3174368.0	3226338.0	3065288.0	2818890.0	2538302.0	2201093.0	1817791.0	1492291.0	1209415.0	960856.0	766698.0	622835.0	496963.0	398578.0	313283.0	499133.0	595366.0
	32	37	42	47	52	57	62	67	72	77	82	87	92	97	102	107	112	117	122	127	132	137	142	147	150
Sin-APnd_002-Ex1-3G-lcwgs-1-1.clmp.r2	150748.0	612107.0	926623.0	1222550.0	1513304.0	1900728.0	2390424.0	2874949.0	3166076.0	3218072.0	3057606.0	2812855.0	2534181.0	2197650.0	1814618.0	1489773.0	1207456.0	959638.0	766168.0	622233.0	496450.0	399099.0	313107.0	376572.0	792863.0
	32	37	42	47	52	57	62	67	72	77	82	87	92	97	102	107	112	117	122	127	132	137	142	147	150
Sin-APnd_003-Ex1-3H-lcwgs-1-1.clmp.r1	4606.0	19975.0	34573.0	53017.0	73678.0	104508.0	142542.0	183442.0	209695.0	219262.0	211630.0	197364.0	180611.0	158112.0	132542.0	109852.0	89661.0	72537.0	57745.0	46968.0	37620.0	30087.0	23947.0	39011.0	46568.0
	32	37	42	47	52	57	62	67	72	77	82	87	92	97	102	107	112	117	122	127	132	137	142	147	150
Sin-APnd_003-Ex1-3H-lcwgs-1-1.clmp.r2	4617.0	19955.0	34562.0	52989.0	73375.0	104153.0	142181.0	183088.0	209288.0	218782.0	211166.0	197054.0	180359.0	157892.0	132334.0	109715.0	89553.0	72425.0	57675.0	46893.0	37645.0	30088.0	23834.0	28282.0	61648.0
	32	37	42	47	52	57	62	67	72	77	82	87	92	97	102	107	112	117	122	127	132	137	142	147	150
Sin-APnd_004-Ex1-4A-lcwgs-1-1.clmp.r1	73887.0	305103.0	472346.0	627423.0	755278.0	906013.0	1068616.0	1227651.0	1295234.0	1294394.0	1222060.0	1138648.0	1030014.0	907357.0	769171.0	665421.0	551866.0	454423.0	364727.0	309458.0	250049.0	210213.0	174477.0	331929.0	425793.0
	32	37	42	47	52	57	62	67	72	77	82	87	92	97	102	107	112	117	122	127	132	137	142	147	150
Sin-APnd_004-Ex1-4A-lcwgs-1-1.clmp.r2	73853.0	304616.0	471369.0	625775.0	753440.0	903686.0	1064934.0	1222431.0	1289799.0	1289016.0	1217433.0	1134874.0	1027066.0	904871.0	767227.0	663272.0	549990.0	452999.0	363989.0	308551.0	249865.0	210527.0	174047.0	244420.0	563501.0
	32	37	42	47	52	57	62	67	72	77	82	87	92	97	102	107	112	117	122	127	132	137	142	147	150
Sin-APnd_005-Ex1-4B-lcwgs-1-1.clmp.r1	140166.0	575331.0	857951.0	1110300.0	1302341.0	1498216.0	1693966.0	1862702.0	1916488.0	1868638.0	1738444.0	1570576.0	1376758.0	1187484.0	991512.0	828164.0	670420.0	541810.0	429190.0	347320.0	274618.0	223453.0	180301.0	314975.0	385471.0
	32	37	42	47	52	57	62	67	72	77	82	87	92	97	102	107	112	117	122	127	132	137	142	147	150
Sin-APnd_005-Ex1-4B-lcwgs-1-1.clmp.r2	140194.0	574765.0	855767.0	1106806.0	1298918.0	1493412.0	1687959.0	1855730.0	1909739.0	1862584.0	1732367.0	1566091.0	1373180.0	1183893.0	988105.0	825141.0	668885.0	541426.0	429688.0	347813.0	275862.0	225505.0	181215.0	245505.0	516045.0
	32	37	42	47	52	57	62	67	72	77	82	87	92	97	102	107	112	117	122	127	132	137	142	147	150
Sin-APnd_006-Ex1-4C-lcwgs-1-1.clmp.r1	73422.0	332619.0	570117.0	849998.0	1166713.0	1616544.0	2178369.0	2683833.0	2949550.0	2958348.0	2789768.0	2538009.0	2246560.0	1939531.0	1628180.0	1358510.0	1118427.0	910825.0	732928.0	597553.0	482990.0	393959.0	323832.0	562070.0	744129.0
	32	37	42	47	52	57	62	67	72	77	82	87	92	97	102	107	112	117	122	127	132	137	142	147	150
Sin-APnd_006-Ex1-4C-lcwgs-1-1.clmp.r2	73477.0	332244.0	569114.0	847831.0	1164188.0	1612119.0	2171489.0	2675299.0	2939440.0	2947900.0	2780671.0	2530613.0	2241248.0	1934512.0	1624478.0	1355269.0	1115881.0	908530.0	730817.0	595494.0	482048.0	394184.0	323802.0	433079.0	963057.0
	32	37	42	47	52	57	62	67	72	77	82	87	92	97	102	107	112	117	122	127	132	137	142	147	150
Sin-APnd_007-Ex1-4D-lcwgs-1-1.clmp.r1	83399.0	375676.0	629907.0	884584.0	1112609.0	1358510.0	1602154.0	1799616.0	1870423.0	1827364.0	1708373.0	1559169.0	1387157.0	1214502.0	1030892.0	874597.0	730068.0	601298.0	488013.0	403809.0	326245.0	269488.0	222145.0	388229.0	465481.0
	32	37	42	47	52	57	62	67	72	77	82	87	92	97	102	107	112	117	122	127	132	137	142	147	150
Sin-APnd_007-Ex1-4D-lcwgs-1-1.clmp.r2	83278.0	375174.0	628870.0	883127.0	1110455.0	1355472.0	1597744.0	1794071.0	1864598.0	1821673.0	1703629.0	1555345.0	1384157.0	1211605.0	1028214.0	872445.0	728392.0	600029.0	487377.0	403192.0	326017.0	269702.0	221226.0	285257.0	622659.0
	32	37	42	47	52	57	62	67	72	77	82	87	92	97	102	107	112	117	122	127	132	137	142	147	150
Sin-APnd_008-Ex1-4E-lcwgs-1-1.clmp.r1	41502.0	182912.0	312668.0	461291.0	610365.0	782383.0	952695.0	1095456.0	1147679.0	1135670.0	1071341.0	980151.0	874045.0	762076.0	645507.0	554460.0	458523.0	379971.0	307349.0	257537.0	208453.0	173795.0	145043.0	276693.0	356373.0
	32	37	42	47	52	57	62	67	72	77	82	87	92	97	102	107	112	117	122	127	132	137	142	147	150
Sin-APnd_008-Ex1-4E-lcwgs-1-1.clmp.r2	41426.0	182683.0	311864.0	460030.0	608660.0	779669.0	949025.0	1091042.0	1143444.0	1131344.0	1067150.0	977012.0	871764.0	760487.0	643659.0	552755.0	457456.0	378643.0	306730.0	256992.0	208335.0	173537.0	144538.0	204230.0	471463.0
	32	37	42	47	52	57	62	67	72	77	82	87	92	97	102	107	112	117	122	127	132	137	142	147	150
Sin-APnd_009-Ex1-4F-lcwgs-1-1.clmp.r1	55082.0	229378.0	362414.0	512145.0	663867.0	840282.0	1033908.0	1201315.0	1273057.0	1256102.0	1173948.0	1065438.0	936142.0	805388.0	671967.0	561005.0	457662.0	369306.0	293264.0	237959.0	188396.0	153059.0	123262.0	205616.0	241734.0
	32	37	42	47	52	57	62	67	72	77	82	87	92	97	102	107	112	117	122	127	132	137	142	147	150
Sin-APnd_009-Ex1-4F-lcwgs-1-1.clmp.r2	55004.0	229040.0	361554.0	510607.0	662174.0	838096.0	1030438.0	1197008.0	1268573.0	1251864.0	1170528.0	1062551.0	933884.0	803525.0	670610.0	559688.0	456524.0	368734.0	292799.0	237751.0	188567.0	153832.0	123551.0	160334.0	324460.0
	32	37	42	47	52	57	62	67	72	77	82	87	92	97	102	107	112	117	122	127	132	137	142	147	150
Sin-APnd_010-Ex1-4G-lcwgs-1-1.clmp.r1	76222.0	313811.0	492750.0	675155.0	847409.0	1060776.0	1292866.0	1509845.0	1621922.0	1633072.0	1550170.0	1435149.0	1293310.0	1135003.0	960706.0	816979.0	679791.0	555517.0	449579.0	374680.0	303646.0	252246.0	208131.0	369869.0	445988.0
	32	37	42	47	52	57	62	67	72	77	82	87	92	97	102	107	112	117	122	127	132	137	142	147	150
Sin-APnd_010-Ex1-4G-lcwgs-1-1.clmp.r2	76321.0	313534.0	491547.0	673267.0	845113.0	1057025.0	1287694.0	1504321.0	1615788.0	1626850.0	1544289.0	1430222.0	1289783.0	1132001.0	958307.0	814652.0	678107.0	554345.0	448937.0	374078.0	304022.0	253005.0	207868.0	274306.0	599210.0
	32	37	42	47	52	57	62	67	72	77	82	87	92	97	102	107	112	117	122	127	132	137	142	147	150
Sin-APnd_011-Ex1-4H-lcwgs-1-1.clmp.r1	63703.0	259369.0	403968.0	553402.0	687447.0	833651.0	974644.0	1090731.0	1126329.0	1096717.0	1014425.0	915199.0	804395.0	688671.0	574097.0	478685.0	389521.0	315772.0	252880.0	207806.0	166746.0	136860.0	112640.0	211684.0	268118.0
	32	37	42	47	52	57	62	67	72	77	82	87	92	97	102	107	112	117	122	127	132	137	142	147	150
Sin-APnd_011-Ex1-4H-lcwgs-1-1.clmp.r2	63625.0	258916.0	402914.0	551649.0	685238.0	830779.0	970774.0	1086225.0	1121754.0	1092685.0	1010767.0	912488.0	802249.0	687006.0	572453.0	477257.0	388750.0	315322.0	252502.0	207760.0	167264.0	137960.0	113224.0	160444.0	357455.0
	32	37	42	47	52	57	62	67	72	77	82	87	92	97	102	107	112	117	122	127	132	137	142	147	150
Sin-APnd_012-Ex1-5A-lcwgs-1-1.clmp.r1	8612.0	37512.0	61622.0	87658.0	111670.0	140391.0	169092.0	194664.0	206919.0	203896.0	191556.0	176057.0	158315.0	139958.0	117891.0	100341.0	84219.0	68285.0	55073.0	46325.0	37350.0	30533.0	24874.0	42444.0	50151.0
	32	37	42	47	52	57	62	67	72	77	82	87	92	97	102	107	112	117	122	127	132	137	142	147	150
Sin-APnd_012-Ex1-5A-lcwgs-1-1.clmp.r2	8597.0	37456.0	61455.0	87510.0	111496.0	140017.0	168756.0	193855.0	206145.0	203127.0	190838.0	175586.0	157986.0	139594.0	117609.0	100076.0	83994.0	68146.0	54977.0	46179.0	37394.0	30658.0	24876.0	31981.0	67100.0
	32	37	42	47	52	57	62	67	72	77	82	87	92	97	102	107	112	117	122	127	132	137	142	147	150
Sin-APnd_013-Ex1-5B-lcwgs-1-1.clmp.r1	89931.0	401427.0	668194.0	935773.0	1170819.0	1406148.0	1624964.0	1775913.0	1785933.0	1700407.0	1541915.0	1368198.0	1190311.0	1012982.0	840571.0	702155.0	571246.0	463526.0	369239.0	303089.0	240756.0	197974.0	161073.0	276054.0	323717.0
	32	37	42	47	52	57	62	67	72	77	82	87	92	97	102	107	112	117	122	127	132	137	142	147	150
Sin-APnd_013-Ex1-5B-lcwgs-1-1.clmp.r2	89857.0	400862.0	666800.0	932646.0	1167097.0	1401972.0	1618911.0	1768816.0	1779225.0	1694570.0	1537121.0	1364445.0	1187418.0	1010568.0	837909.0	699546.0	570192.0	462932.0	369103.0	303508.0	242019.0	199901.0	161888.0	213513.0	441496.0
	32	37	42	47	52	57	62	67	72	77	82	87	92	97	102	107	112	117	122	127	132	137	142	147	150
Sin-APnd_014-Ex1-5C-lcwgs-1-1.clmp.r1	63350.0	283399.0	472214.0	658808.0	822992.0	990591.0	1146858.0	1249013.0	1255199.0	1187181.0	1067559.0	944891.0	811005.0	683784.0	558675.0	459584.0	366897.0	291774.0	227658.0	182686.0	142405.0	114581.0	90019.0	145333.0	169449.0
	32	37	42	47	52	57	62	67	72	77	82	87	92	97	102	107	112	117	122	127	132	137	142	147	150
Sin-APnd_014-Ex1-5C-lcwgs-1-1.clmp.r2	63241.0	282875.0	471152.0	657505.0	821056.0	988221.0	1143623.0	1244392.0	1250790.0	1183772.0	1064585.0	942208.0	809168.0	682514.0	557317.0	458250.0	365951.0	291211.0	227369.0	182563.0	142812.0	115551.0	90993.0	119136.0	229650.0
	32	37	42	47	52	57	62	67	72	77	82	87	92	97	102	107	112	117	122	127	132	137	142	147	150
Sin-APnd_015-Ex1-5D-lcwgs-1-1.clmp.r1	30791.0	140227.0	244338.0	364803.0	478444.0	606437.0	724344.0	819558.0	846336.0	823135.0	754002.0	672727.0	587559.0	498024.0	409019.0	335870.0	272368.0	213939.0	168969.0	134836.0	105823.0	85073.0	66924.0	105253.0	118706.0
	32	37	42	47	52	57	62	67	72	77	82	87	92	97	102	107	112	117	122	127	132	137	142	147	150
Sin-APnd_015-Ex1-5D-lcwgs-1-1.clmp.r2	30767.0	140070.0	243816.0	363933.0	477421.0	605038.0	721966.0	817253.0	843712.0	820474.0	751656.0	671109.0	586010.0	497004.0	408190.0	335013.0	271695.0	213678.0	168753.0	134494.0	105829.0	85372.0	67228.0	84950.0	162074.0
	32	37	42	47	52	57	62	67	72	77	82	87	92	97	102	107	112	117	122	127	132	137	142	147	150
Sin-APnd_016-Ex1-5E-lcwgs-1-1.clmp.r1	48989.0	211253.0	342792.0	465275.0	562947.0	649902.0	715084.0	750591.0	730095.0	674885.0	596491.0	517912.0	439314.0	366502.0	296594.0	242775.0	192461.0	151748.0	118298.0	95119.0	74011.0	59114.0	47144.0	77147.0	86835.0
	32	37	42	47	52	57	62	67	72	77	82	87	92	97	102	107	112	117	122	127	132	137	142	147	150
Sin-APnd_016-Ex1-5E-lcwgs-1-1.clmp.r2	49007.0	210803.0	342047.0	463968.0	561415.0	648031.0	712740.0	747767.0	727485.0	672499.0	594949.0	516717.0	438291.0	365761.0	295542.0	241975.0	192002.0	151703.0	118318.0	95118.0	74604.0	59875.0	47590.0	63587.0	121484.0
	32	37	42	47	52	57	62	67	72	77	82	87	92	97	102	107	112	117	122	127	132	137	142	147	150
Sin-APnd_017-Ex1-5F-lcwgs-1-1.clmp.r1	45728.0	202395.0	335893.0	473583.0	598675.0	721811.0	827659.0	907814.0	915379.0	867889.0	786016.0	695934.0	602327.0	509302.0	418761.0	345541.0	279725.0	224165.0	177093.0	143256.0	113281.0	91538.0	73749.0	121746.0	146519.0
	32	37	42	47	52	57	62	67	72	77	82	87	92	97	102	107	112	117	122	127	132	137	142	147	150
Sin-APnd_017-Ex1-5F-lcwgs-1-1.clmp.r2	45648.0	202015.0	334988.0	472197.0	597145.0	719876.0	825066.0	905001.0	911886.0	865032.0	783910.0	694336.0	601056.0	508391.0	417541.0	344467.0	279240.0	223903.0	176971.0	143365.0	113871.0	92373.0	74218.0	96966.0	196317.0
	32	37	42	47	52	57	62	67	72	77	82	87	92	97	102	107	112	117	122	127	132	137	142	147	150
Sin-APnd_018-Ex1-5G-lcwgs-1-1.clmp.r1	71170.0	310994.0	519654.0	739425.0	951475.0	1196098.0	1440145.0	1629796.0	1687886.0	1632246.0	1489822.0	1321088.0	1149184.0	973421.0	797313.0	648210.0	520002.0	414262.0	327762.0	260734.0	205268.0	162696.0	131102.0	204901.0	235964.0
	32	37	42	47	52	57	62	67	72	77	82	87	92	97	102	107	112	117	122	127	132	137	142	147	150
Sin-APnd_018-Ex1-5G-lcwgs-1-1.clmp.r2	71070.0	310536.0	518908.0	737837.0	949325.0	1193108.0	1435851.0	1624917.0	1682349.0	1626896.0	1485656.0	1317943.0	1147070.0	971629.0	795735.0	646712.0	518792.0	413810.0	327548.0	260577.0	205760.0	163940.0	131610.0	163010.0	320029.0
	32	37	42	47	52	57	62	67	72	77	82	87	92	97	102	107	112	117	122	127	132	137	142	147	150
Sin-APnd_019-Ex1-5H-lcwgs-1-1.clmp.r1	49350.0	216322.0	365249.0	528375.0	688851.0	864095.0	1039576.0	1182687.0	1229706.0	1200969.0	1112263.0	1003534.0	878430.0	751127.0	623218.0	516763.0	417416.0	335084.0	264668.0	214435.0	168961.0	136664.0	109435.0	178689.0	204823.0
	32	37	42	47	52	57	62	67	72	77	82	87	92	97	102	107	112	117	122	127	132	137	142	147	150
Sin-APnd_019-Ex1-5H-lcwgs-1-1.clmp.r2	49263.0	215959.0	364429.0	526994.0	687003.0	861150.0	1035572.0	1178341.0	1225641.0	1197037.0	1108928.0	1000884.0	876510.0	749502.0	621930.0	515493.0	416641.0	334612.0	264498.0	214350.0	169414.0	137379.0	109933.0	141246.0	277981.0
	32	37	42	47	52	57	62	67	72	77	82	87	92	97	102	107	112	117	122	127	132	137	142	147	150
Sin-APnd_020-Ex1-6A-lcwgs-1-1.clmp.r1	47205.0	207533.0	352823.0	517920.0	680906.0	853649.0	1014553.0	1140089.0	1163641.0	1115606.0	1016889.0	910481.0	800219.0	681652.0	556621.0	467101.0	373995.0	302261.0	235981.0	195448.0	153916.0	126230.0	99558.0	165054.0	191063.0
	32	37	42	47	52	57	62	67	72	77	82	87	92	97	102	107	112	117	122	127	132	137	142	147	150
Sin-APnd_020-Ex1-6A-lcwgs-1-1.clmp.r2	47098.0	206933.0	351762.0	516046.0	678581.0	850739.0	1010510.0	1134590.0	1158216.0	1110666.0	1012549.0	907126.0	797862.0	679571.0	554598.0	464877.0	372450.0	301197.0	235032.0	194966.0	154283.0	127571.0	100834.0	137397.0	264940.0
	32	37	42	47	52	57	62	67	72	77	82	87	92	97	102	107	112	117	122	127	132	137	142	147	150
Sin-APnd_021-Ex1-6B-lcwgs-1-1.clmp.r1	63126.0	257783.0	403821.0	556021.0	696900.0	862154.0	1047852.0	1225763.0	1321586.0	1345726.0	1300994.0	1223912.0	1121166.0	1002274.0	862214.0	749168.0	628306.0	529025.0	431539.0	367669.0	299953.0	252809.0	208601.0	375337.0	463099.0
	32	37	42	47	52	57	62	67	72	77	82	87	92	97	102	107	112	117	122	127	132	137	142	147	150
Sin-APnd_021-Ex1-6B-lcwgs-1-1.clmp.r2	63116.0	257460.0	402476.0	553509.0	694111.0	858168.0	1041983.0	1218764.0	1314871.0	1338981.0	1294509.0	1218940.0	1117489.0	999019.0	859571.0	745714.0	625864.0	527827.0	430964.0	367459.0	300260.0	253014.0	208275.0	282736.0	621718.0
	32	37	42	47	52	57	62	67	72	77	82	87	92	97	102	107	112	117	122	127	132	137	142	147	150
Sin-APnd_022-Ex1-6C-lcwgs-1-1.clmp.r1	24521.0	110306.0	188365.0	279290.0	367970.0	467970.0	574283.0	668998.0	718008.0	724717.0	694774.0	651535.0	594764.0	526451.0	447464.0	383017.0	319681.0	263584.0	212810.0	177438.0	143326.0	119128.0	96244.0	165485.0	211157.0
	32	37	42	47	52	57	62	67	72	77	82	87	92	97	102	107	112	117	122	127	132	137	142	147	150
Sin-APnd_022-Ex1-6C-lcwgs-1-1.clmp.r2	24466.0	109976.0	187892.0	278339.0	366453.0	466300.0	571987.0	666107.0	715024.0	721949.0	692322.0	649349.0	593088.0	525014.0	446315.0	381687.0	318826.0	262804.0	212106.0	177004.0	142862.0	118769.0	96420.0	127874.0	278353.0
	32	37	42	47	52	57	62	67	72	77	82	87	92	97	102	107	112	117	122	127	132	137	142	147	150
Sin-APnd_023-Ex1-6D-lcwgs-1-1.clmp.r1	27743.0	124241.0	220155.0	343219.0	475998.0	640431.0	823380.0	989159.0	1081534.0	1098949.0	1052714.0	984320.0	891769.0	788849.0	672433.0	573151.0	478828.0	400546.0	327358.0	274798.0	224219.0	186944.0	153072.0	265618.0	343290.0
	32	37	42	47	52	57	62	67	72	77	82	87	92	97	102	107	112	117	122	127	132	137	142	147	150
Sin-APnd_023-Ex1-6D-lcwgs-1-1.clmp.r2	27755.0	124159.0	219436.0	342073.0	474489.0	638211.0	820334.0	984703.0	1076212.0	1093600.0	1047855.0	980842.0	888981.0	786406.0	670643.0	571174.0	477069.0	398990.0	326317.0	273594.0	223456.0	186080.0	152913.0	206217.0	451209.0
	32	37	42	47	52	57	62	67	72	77	82	87	92	97	102	107	112	117	122	127	132	137	142	147	150
Sin-APnd_024-Ex1-6E-lcwgs-1-1.clmp.r1	8105.0	36572.0	65266.0	102132.0	141089.0	186605.0	234053.0	273186.0	287461.0	282965.0	260197.0	233683.0	203866.0	173189.0	142519.0	118397.0	95219.0	76371.0	60348.0	48955.0	38441.0	31156.0	24648.0	39676.0	45613.0
	32	37	42	47	52	57	62	67	72	77	82	87	92	97	102	107	112	117	122	127	132	137	142	147	150
Sin-APnd_024-Ex1-6E-lcwgs-1-1.clmp.r2	8113.0	36481.0	65047.0	101724.0	140620.0	185961.0	233003.0	272063.0	286108.0	281772.0	259399.0	232807.0	203162.0	172876.0	142171.0	117941.0	94883.0	76055.0	60232.0	48759.0	38448.0	31429.0	24800.0	32819.0	63039.0
	32	37	42	47	52	57	62	67	72	77	82	87	92	97	102	107	112	117	122	127	132	137	142	147	150
Sin-APnd_025-Ex1-6F-lcwgs-1-1.clmp.r1	55512.0	242185.0	410171.0	606450.0	814665.0	1064764.0	1341742.0	1580712.0	1694233.0	1678402.0	1566301.0	1413631.0	1247957.0	1069234.0	886007.0	728782.0	590896.0	478982.0	378681.0	307260.0	240990.0	195084.0	153542.0	243804.0	282560.0
	32	37	42	47	52	57	62	67	72	77	82	87	92	97	102	107	112	117	122	127	132	137	142	147	150
Sin-APnd_025-Ex1-6F-lcwgs-1-1.clmp.r2	55405.0	241575.0	408922.0	604601.0	812327.0	1061275.0	1336431.0	1574726.0	1687914.0	1672486.0	1561043.0	1409622.0	1245196.0	1066086.0	883958.0	726673.0	589244.0	477216.0	377931.0	306609.0	240929.0	195525.0	154762.0	197820.0	384271.0
	32	37	42	47	52	57	62	67	72	77	82	87	92	97	102	107	112	117	122	127	132	137	142	147	150
Sin-CPnd_010-Ex1-2F-lcwgs-1-1.clmp.r1	4.0	20.0	52.0	56.0	62.0	76.0	69.0	63.0	51.0	58.0	47.0	40.0	39.0	31.0	23.0	30.0	27.0	26.0	19.0	16.0	17.0	15.0	15.0	29.0	44.0
	32	37	42	47	52	57	62	67	72	77	82	87	92	97	102	107	112	117	122	127	132	137	142	147	150
Sin-CPnd_010-Ex1-2F-lcwgs-1-1.clmp.r2	4.0	19.0	52.0	57.0	62.0	76.0	69.0	64.0	52.0	57.0	46.0	40.0	40.0	31.0	22.0	28.0	26.0	26.0	20.0	16.0	18.0	14.0	17.0	22.0	51.0
	32	37	42	47	52	57	62	67	72	77	82	87	92	97	102	107	112	117	122	127	132	137	142	147	150
Sin-CPnd_011-Ex1-10H-lcwgs-1-1.clmp.r1	6.0	49.0	71.0	99.0	96.0	128.0	145.0	166.0	134.0	125.0	113.0	114.0	89.0	90.0	68.0	60.0	39.0	40.0	35.0	22.0	21.0	20.0	21.0	44.0	56.0
	32	37	42	47	52	57	62	67	72	77	82	87	92	97	102	107	112	117	122	127	132	137	142	147	150
Sin-CPnd_011-Ex1-10H-lcwgs-1-1.clmp.r2	5.0	51.0	72.0	98.0	97.0	129.0	142.0	163.0	132.0	129.0	114.0	112.0	88.0	91.0	67.0	60.0	39.0	41.0	34.0	22.0	22.0	20.0	19.0	27.0	77.0
	32	37	42	47	52	57	62	67	72	77	82	87	92	97	102	107	112	117	122	127	132	137	142	147	150
Sin-CPnd_012-Ex1-2G-lcwgs-1-1.clmp.r1	4.0	24.0	36.0	44.0	49.0	54.0	56.0	51.0	65.0	42.0	39.0	31.0	38.0	36.0	29.0	25.0	22.0	26.0	17.0	14.0	18.0	6.0	18.0	45.0	49.0
	32	37	42	47	52	57	62	67	72	77	82	87	92	97	102	107	112	117	122	127	132	137	142	147	150
Sin-CPnd_012-Ex1-2G-lcwgs-1-1.clmp.r2	4.0	24.0	36.0	45.0	48.0	51.0	56.0	53.0	63.0	43.0	41.0	31.0	37.0	37.0	29.0	24.0	22.0	25.0	16.0	15.0	20.0	6.0	19.0	22.0	71.0
	32	37	42	47	52	57	62	67	72	77	82	87	92	97	102	107	112	117	122	127	132	137	142	147	150
Sin-CPnd_013-Ex1-4E-lcwgs-1-1.clmp.r1	143.0	606.0	853.0	1150.0	1278.0	1316.0	1346.0	1339.0	1289.0	1241.0	1154.0	1142.0	973.0	1002.0	960.0	851.0	847.0	773.0	700.0	638.0	642.0	568.0	561.0	2109.0	3506.0
	32	37	42	47	52	57	62	67	72	77	82	87	92	97	102	107	112	117	122	127	132	137	142	147	150
Sin-CPnd_013-Ex1-4E-lcwgs-1-1.clmp.r2	143.0	602.0	848.0	1154.0	1267.0	1319.0	1347.0	1334.0	1286.0	1238.0	1158.0	1143.0	976.0	1000.0	960.0	846.0	843.0	777.0	694.0	637.0	647.0	562.0	536.0	1221.0	4449.0
	32	37	42	47	52	57	62	67	72	77	82	87	92	97	102	107	112	117	122	127	132	137	142	147	150
Sin-CPnd_014-Ex1-3F-lcwgs-1-1.clmp.r1	1.0	5.0	17.0	21.0	20.0	17.0	17.0	17.0	12.0	13.0	8.0	13.0	12.0	17.0	12.0	7.0	7.0	7.0	7.0	2.0	8.0	3.0	4.0	22.0	23.0
	32	37	42	47	52	57	62	67	72	77	82	87	92	97	102	107	112	117	122	127	132	137	142	147	150
Sin-CPnd_014-Ex1-3F-lcwgs-1-1.clmp.r2	1.0	5.0	17.0	21.0	19.0	17.0	18.0	17.0	12.0	13.0	8.0	13.0	11.0	17.0	12.0	8.0	7.0	7.0	7.0	2.0	8.0	3.0	4.0	11.0	34.0
	32	37	42	47	52	57	62	67	72	77	82	87	92	97	102	107	112	117	122	127	132	137	142	147	150
Sin-CPnd_015-Ex1-4A-lcwgs-1-1.clmp.r1	130.0	598.0	933.0	1155.0	1296.0	1396.0	1391.0	1387.0	1337.0	1206.0	1165.0	1107.0	1002.0	987.0	988.0	912.0	782.0	719.0	686.0	607.0	530.0	516.0	493.0	1824.0	3032.0
	32	37	42	47	52	57	62	67	72	77	82	87	92	97	102	107	112	117	122	127	132	137	142	147	150
Sin-CPnd_015-Ex1-4A-lcwgs-1-1.clmp.r2	132.0	603.0	926.0	1155.0	1300.0	1390.0	1386.0	1389.0	1331.0	1211.0	1169.0	1102.0	998.0	985.0	992.0	908.0	777.0	715.0	691.0	603.0	537.0	500.0	488.0	1090.0	3801.0
	72	74	76	78	80	82	84	86	88	90	92	94	96	98	100	102	104	106	108	110	112	114	116	118	120	122	124	126	128	130	132	134	136	138	140	142	144	146	148	150
Sin-CPnd_016-Ex1-1E-lcwgs-1-1.clmp.r1	1.0	2.0	0.0	0.0	0.0	0.0	0.0	0.0	0.0	0.0	0.0	0.0	0.0	0.0	0.0	0.0	0.0	0.0	0.0	0.0	1.0	0.0	1.0	0.0	1.0	0.0	0.0	0.0	0.0	0.0	0.0	0.0	0.0	0.0	1.0	0.0	0.0	0.0	1.0	3.0
	72	74	76	78	80	82	84	86	88	90	92	94	96	98	100	102	104	106	108	110	112	114	116	118	120	122	124	126	128	130	132	134	136	138	140	142	144	146	148	150
Sin-CPnd_016-Ex1-1E-lcwgs-1-1.clmp.r2	1.0	2.0	0.0	0.0	0.0	0.0	0.0	0.0	0.0	0.0	0.0	0.0	0.0	0.0	0.0	0.0	0.0	0.0	0.0	0.0	1.0	0.0	1.0	0.0	1.0	0.0	0.0	0.0	0.0	0.0	0.0	0.0	0.0	0.0	1.0	0.0	0.0	0.0	2.0	2.0
	32	37	42	47	52	57	62	67	72	77	82	87	92	97	102	107	112	117	122	127	132	137	142	147	150
Sin-CPnd_017-Ex1-4G-lcwgs-1-1.clmp.r1	5.0	52.0	65.0	71.0	72.0	68.0	68.0	63.0	54.0	52.0	55.0	36.0	57.0	44.0	44.0	42.0	27.0	31.0	26.0	19.0	19.0	16.0	21.0	64.0	103.0
	32	37	42	47	52	57	62	67	72	77	82	87	92	97	102	107	112	117	122	127	132	137	142	147	150
Sin-CPnd_017-Ex1-4G-lcwgs-1-1.clmp.r2	5.0	51.0	66.0	71.0	72.0	69.0	67.0	63.0	55.0	51.0	55.0	36.0	58.0	44.0	43.0	42.0	28.0	31.0	24.0	19.0	20.0	15.0	21.0	40.0	128.0
	32	37	42	47	52	57	62	67	72	77	82	87	92	97	102	107	112	117	122	127	132	137	142	147	150
Sin-CPnd_018-Ex1-11A-lcwgs-1-1.clmp.r1	56.0	311.0	563.0	840.0	988.0	1127.0	1175.0	1241.0	1228.0	1190.0	1092.0	1034.0	1007.0	920.0	803.0	761.0	654.0	553.0	518.0	520.0	405.0	371.0	388.0	1054.0	1830.0
	32	37	42	47	52	57	62	67	72	77	82	87	92	97	102	107	112	117	122	127	132	137	142	147	150
Sin-CPnd_018-Ex1-11A-lcwgs-1-1.clmp.r2	56.0	312.0	567.0	837.0	987.0	1127.0	1174.0	1233.0	1223.0	1187.0	1093.0	1025.0	1012.0	913.0	803.0	757.0	658.0	554.0	517.0	518.0	408.0	371.0	377.0	674.0	2246.0
	32	37	42	47	52	57	62	67	72	77	82	87	92	97	102	107	112	117	122	127	132	137	142	147	150
Sin-CPnd_019-Ex1-1H-lcwgs-1-1.clmp.r1	111.0	571.0	961.0	1433.0	1807.0	1993.0	2169.0	2083.0	2076.0	2020.0	1891.0	1876.0	1880.0	1687.0	1592.0	1412.0	1267.0	1102.0	1005.0	791.0	700.0	615.0	549.0	964.0	1212.0
	32	37	42	47	52	57	62	67	72	77	82	87	92	97	102	107	112	117	122	127	132	137	142	147	150
Sin-CPnd_019-Ex1-1H-lcwgs-1-1.clmp.r2	111.0	569.0	959.0	1431.0	1796.0	1992.0	2181.0	2072.0	2067.0	2021.0	1902.0	1875.0	1871.0	1672.0	1587.0	1417.0	1265.0	1102.0	1010.0	789.0	700.0	627.0	541.0	654.0	1556.0
	32	37	42	47	52	57	62	67	72	77	82	87	92	97	102	107	112	117	122	127	132	137	142	147	150
Sin-CPnd_020-Ex1-12E-lcwgs-1-1.clmp.r1	14.0	73.0	116.0	146.0	216.0	255.0	262.0	266.0	285.0	302.0	316.0	286.0	264.0	285.0	247.0	240.0	258.0	218.0	210.0	176.0	171.0	176.0	165.0	580.0	997.0
	32	37	42	47	52	57	62	67	72	77	82	87	92	97	102	107	112	117	122	127	132	137	142	147	150
Sin-CPnd_020-Ex1-12E-lcwgs-1-1.clmp.r2	13.0	73.0	116.0	145.0	217.0	248.0	266.0	272.0	286.0	302.0	307.0	285.0	267.0	288.0	246.0	236.0	257.0	219.0	209.0	176.0	171.0	175.0	157.0	312.0	1281.0
	32	37	42	47	52	57	62	67	72	77	82	87	92	97	102	107	112	117	122	127	132	137	142	147	150
Sin-CPnd_021-Ex1-3D-lcwgs-1-1.clmp.r1	8267.0	36625.0	56732.0	73006.0	80649.0	84324.0	84531.0	82051.0	78562.0	74045.0	69029.0	64144.0	59374.0	54782.0	49716.0	44680.0	40847.0	37096.0	34093.0	31003.0	28031.0	25628.0	24612.0	71694.0	116460.0
	32	37	42	47	52	57	62	67	72	77	82	87	92	97	102	107	112	117	122	127	132	137	142	147	150
Sin-CPnd_021-Ex1-3D-lcwgs-1-1.clmp.r2	8258.0	36597.0	56730.0	72973.0	80557.0	84236.0	84350.0	81927.0	78475.0	73866.0	68852.0	64036.0	59338.0	54671.0	49645.0	44566.0	40802.0	37068.0	34045.0	31032.0	28044.0	25597.0	24054.0	43081.0	147181.0
	32	37	42	47	52	57	62	67	72	77	82	87	92	97	102	107	112	117	122	127	132	137	142	147	150
Sin-CPnd_022-Ex1-1D-lcwgs-1-1.clmp.r1	65.0	331.0	563.0	708.0	902.0	995.0	1047.0	1023.0	1023.0	1026.0	978.0	1036.0	993.0	977.0	965.0	848.0	903.0	789.0	803.0	731.0	623.0	650.0	630.0	2407.0	4297.0
	32	37	42	47	52	57	62	67	72	77	82	87	92	97	102	107	112	117	122	127	132	137	142	147	150
Sin-CPnd_022-Ex1-1D-lcwgs-1-1.clmp.r2	66.0	329.0	565.0	713.0	892.0	992.0	1042.0	1023.0	1031.0	1028.0	969.0	1033.0	996.0	974.0	970.0	844.0	894.0	784.0	806.0	733.0	623.0	660.0	606.0	1437.0	5303.0
	32	37	42	47	52	57	62	67	72	77	82	87	92	97	102	107	112	117	122	127	132	137	142	147	150
Sin-CPnd_023-Ex1-12B-lcwgs-1-1.clmp.r1	46.0	213.0	350.0	442.0	517.0	595.0	614.0	587.0	604.0	586.0	531.0	516.0	460.0	403.0	400.0	277.0	293.0	283.0	229.0	206.0	162.0	150.0	138.0	412.0	636.0
	32	37	42	47	52	57	62	67	72	77	82	87	92	97	102	107	112	117	122	127	132	137	142	147	150
Sin-CPnd_023-Ex1-12B-lcwgs-1-1.clmp.r2	46.0	210.0	352.0	441.0	514.0	593.0	616.0	589.0	606.0	583.0	529.0	512.0	463.0	403.0	394.0	278.0	293.0	286.0	232.0	201.0	157.0	149.0	133.0	263.0	807.0
	32	37	42	47	52	57	62	67	72	77	82	87	92	97	102	107	112	117	122	127	132	137	142	147	150
Sin-CPnd_024-Ex1-12C-lcwgs-1-1.clmp.r1	438.0	1950.0	3386.0	4317.0	5168.0	5484.0	5626.0	5547.0	5507.0	5197.0	4823.0	4631.0	4321.0	3789.0	3391.0	3087.0	2710.0	2436.0	2120.0	1765.0	1614.0	1465.0	1303.0	3074.0	4713.0
	32	37	42	47	52	57	62	67	72	77	82	87	92	97	102	107	112	117	122	127	132	137	142	147	150
Sin-CPnd_024-Ex1-12C-lcwgs-1-1.clmp.r2	436.0	1956.0	3397.0	4311.0	5181.0	5466.0	5594.0	5546.0	5518.0	5191.0	4790.0	4633.0	4329.0	3766.0	3383.0	3091.0	2707.0	2429.0	2114.0	1764.0	1615.0	1468.0	1272.0	2032.0	5873.0
	32	37	42	47	52	57	62	67	72	77	82	87	92	97	102	107	112	117	122	127	132	137	142	147	150
Sin-CPnd_025-Ex1-3B-lcwgs-1-1.clmp.r1	100.0	368.0	531.0	666.0	685.0	667.0	688.0	588.0	529.0	518.0	455.0	396.0	370.0	344.0	286.0	257.0	226.0	196.0	180.0	157.0	168.0	133.0	115.0	322.0	600.0
	32	37	42	47	52	57	62	67	72	77	82	87	92	97	102	107	112	117	122	127	132	137	142	147	150
Sin-CPnd_025-Ex1-3B-lcwgs-1-1.clmp.r2	101.0	363.0	532.0	667.0	680.0	671.0	689.0	587.0	525.0	515.0	455.0	392.0	372.0	345.0	291.0	255.0	223.0	197.0	181.0	156.0	169.0	130.0	119.0	191.0	739.0
	32	37	42	47	52	57	62	67	72	77	82	87	92	97	102	107	112	117	122	127	132	137	142	147	150
Sin-CPnd_026-Ex1-1G-lcwgs-1-1.clmp.r1	1.0	1.0	1.0	1.0	4.0	1.0	3.0	2.0	3.0	4.0	8.0	4.0	9.0	11.0	10.0	5.0	8.0	9.0	10.0	14.0	8.0	14.0	11.0	63.0	101.0
	32	37	42	47	52	57	62	67	72	77	82	87	92	97	102	107	112	117	122	127	132	137	142	147	150
Sin-CPnd_026-Ex1-1G-lcwgs-1-1.clmp.r2	1.0	1.0	1.0	1.0	4.0	1.0	3.0	2.0	3.0	4.0	8.0	4.0	9.0	11.0	10.0	5.0	8.0	10.0	10.0	14.0	8.0	13.0	11.0	37.0	127.0
	32	37	42	47	52	57	62	67	72	77	82	87	92	97	102	107	112	117	122	127	132	137	142	147	150
Sin-CPnd_027-Ex1-3A-lcwgs-1-1.clmp.r1	1.0	5.0	7.0	5.0	9.0	9.0	15.0	5.0	13.0	13.0	9.0	7.0	4.0	6.0	7.0	7.0	2.0	4.0	5.0	7.0	4.0	3.0	3.0	10.0	14.0
	32	37	42	47	52	57	62	67	72	77	82	87	92	97	102	107	112	117	122	127	132	137	142	147	150
Sin-CPnd_027-Ex1-3A-lcwgs-1-1.clmp.r2	1.0	5.0	7.0	5.0	9.0	9.0	15.0	5.0	13.0	13.0	9.0	7.0	4.0	6.0	7.0	7.0	3.0	4.0	4.0	7.0	4.0	3.0	3.0	8.0	16.0
	32	37	42	47	52	57	62	67	72	77	82	87	92	97	102	107	112	117	122	127	132	137	142	147	150
Sin-CPnd_028-Ex1-12H-lcwgs-1-1.clmp.r1	18.0	58.0	107.0	137.0	171.0	162.0	180.0	209.0	173.0	169.0	170.0	131.0	132.0	120.0	109.0	99.0	67.0	60.0	55.0	50.0	45.0	31.0	24.0	69.0	106.0
	32	37	42	47	52	57	62	67	72	77	82	87	92	97	102	107	112	117	122	127	132	137	142	147	150
Sin-CPnd_028-Ex1-12H-lcwgs-1-1.clmp.r2	18.0	60.0	107.0	135.0	171.0	158.0	179.0	213.0	175.0	166.0	168.0	131.0	131.0	123.0	111.0	99.0	64.0	59.0	55.0	50.0	45.0	30.0	25.0	46.0	133.0
	32	37	42	47	52	57	62	67	72	77	82	87	92	97	102	107	112	117	122	127	132	137	142	147	150
Sin-CPnd_029-Ex1-4D-lcwgs-1-1.clmp.r1	162.0	640.0	1031.0	1313.0	1433.0	1519.0	1600.0	1666.0	1630.0	1567.0	1490.0	1364.0	1310.0	1255.0	1100.0	1087.0	1032.0	906.0	831.0	819.0	767.0	745.0	671.0	2336.0	3898.0
	32	37	42	47	52	57	62	67	72	77	82	87	92	97	102	107	112	117	122	127	132	137	142	147	150
Sin-CPnd_029-Ex1-4D-lcwgs-1-1.clmp.r2	165.0	641.0	1039.0	1317.0	1415.0	1517.0	1603.0	1658.0	1615.0	1566.0	1492.0	1363.0	1313.0	1250.0	1101.0	1076.0	1025.0	909.0	836.0	819.0	767.0	734.0	634.0	1411.0	4906.0
	32	37	42	47	52	57	62	67	72	77	82	87	92	97	102	107	112	117	122	127	132	137	142	147	150
Sin-CPnd_030-Ex1-10B-lcwgs-1-1.clmp.r1	18.0	89.0	175.0	206.0	259.0	299.0	255.0	280.0	321.0	237.0	235.0	240.0	213.0	192.0	159.0	133.0	104.0	106.0	71.0	74.0	57.0	52.0	49.0	114.0	182.0
	32	37	42	47	52	57	62	67	72	77	82	87	92	97	102	107	112	117	122	127	132	137	142	147	150
Sin-CPnd_030-Ex1-10B-lcwgs-1-1.clmp.r2	18.0	89.0	173.0	206.0	263.0	298.0	252.0	275.0	319.0	241.0	234.0	241.0	208.0	192.0	164.0	131.0	102.0	106.0	70.0	73.0	55.0	50.0	47.0	66.0	247.0
	32	37	42	47	52	57	62	67	72	77	82	87	92	97	102	107	112	117	122	127	132	137	142	147	150
Sin-CPnd_031-Ex1-3G-lcwgs-1-1.clmp.r1	253.0	955.0	1379.0	1625.0	1715.0	1683.0	1605.0	1484.0	1477.0	1315.0	1315.0	1160.0	1056.0	1007.0	915.0	791.0	764.0	711.0	663.0	583.0	557.0	531.0	509.0	1891.0	3295.0
	32	37	42	47	52	57	62	67	72	77	82	87	92	97	102	107	112	117	122	127	132	137	142	147	150
Sin-CPnd_031-Ex1-3G-lcwgs-1-1.clmp.r2	253.0	961.0	1383.0	1617.0	1711.0	1677.0	1602.0	1482.0	1465.0	1326.0	1312.0	1143.0	1052.0	1013.0	920.0	798.0	761.0	706.0	664.0	586.0	556.0	514.0	501.0	1067.0	4169.0
	32	37	42	47	52	57	62	67	72	77	82	87	92	97	102	107	112	117	122	127	132	137	142	147	150
Sin-CPnd_032-Ex1-3E-lcwgs-1-1.clmp.r1	33.0	148.0	248.0	320.0	359.0	341.0	362.0	377.0	347.0	315.0	290.0	293.0	288.0	298.0	253.0	195.0	239.0	202.0	238.0	183.0	160.0	197.0	151.0	614.0	1013.0
	32	37	42	47	52	57	62	67	72	77	82	87	92	97	102	107	112	117	122	127	132	137	142	147	150
Sin-CPnd_032-Ex1-3E-lcwgs-1-1.clmp.r2	34.0	148.0	251.0	319.0	357.0	336.0	365.0	374.0	348.0	317.0	288.0	291.0	287.0	299.0	252.0	195.0	241.0	199.0	235.0	184.0	156.0	194.0	142.0	359.0	1293.0
	32	37	42	47	52	57	62	67	72	77	82	87	92	97	102	107	112	117	122	127	132	137	142	147	150
Sin-CPnd_033-Ex1-1B-lcwgs-1-1.clmp.r1	952.0	4742.0	7854.0	10648.0	12619.0	13601.0	14182.0	14559.0	14903.0	14949.0	15107.0	15162.0	15257.0	15260.0	15259.0	15050.0	15369.0	15012.0	14999.0	14223.0	14051.0	13891.0	15226.0	74119.0	135629.0
	32	37	42	47	52	57	62	67	72	77	82	87	92	97	102	107	112	117	122	127	132	137	142	147	150
Sin-CPnd_033-Ex1-1B-lcwgs-1-1.clmp.r2	952.0	4751.0	7849.0	10624.0	12621.0	13572.0	14143.0	14573.0	14847.0	14918.0	15101.0	15117.0	15242.0	15233.0	15234.0	15035.0	15324.0	14975.0	15012.0	14213.0	14028.0	13720.0	14441.0	41592.0	169506.0
	32	37	42	47	52	57	62	67	72	77	82	87	92	97	102	107	112	117	122	127	132	137	142	147	150
Sin-CPnd_034-Ex1-3C-lcwgs-1-1.clmp.r1	52.0	209.0	366.0	505.0	556.0	623.0	629.0	661.0	630.0	584.0	600.0	536.0	549.0	480.0	509.0	444.0	404.0	383.0	380.0	334.0	296.0	271.0	246.0	656.0	1032.0
	32	37	42	47	52	57	62	67	72	77	82	87	92	97	102	107	112	117	122	127	132	137	142	147	150
Sin-CPnd_034-Ex1-3C-lcwgs-1-1.clmp.r2	49.0	209.0	371.0	501.0	553.0	621.0	632.0	662.0	626.0	584.0	598.0	537.0	553.0	476.0	508.0	443.0	402.0	387.0	379.0	331.0	303.0	266.0	248.0	443.0	1253.0
	32	37	42	47	52	57	62	67	72	77	82	87	92	97	102	107	112	117	122	127	132	137	142	147	150
Sin-CPnd_035-Ex1-12D-lcwgs-1-1.clmp.r1	18.0	87.0	163.0	185.0	207.0	291.0	325.0	307.0	323.0	325.0	322.0	311.0	284.0	260.0	224.0	220.0	190.0	179.0	139.0	145.0	129.0	115.0	120.0	387.0	624.0
	32	37	42	47	52	57	62	67	72	77	82	87	92	97	102	107	112	117	122	127	132	137	142	147	150
Sin-CPnd_035-Ex1-12D-lcwgs-1-1.clmp.r2	18.0	92.0	157.0	181.0	209.0	293.0	321.0	313.0	325.0	322.0	315.0	310.0	286.0	261.0	226.0	216.0	184.0	180.0	141.0	142.0	129.0	111.0	109.0	204.0	835.0
	37	42	47	52	57	62	67	72	77	82	87	92	97	102	107	112	117	122	127	132	137	142	147	150
Sin-CPnd_037-Ex1-4F-lcwgs-1-1.clmp.r1	3.0	5.0	5.0	3.0	2.0	2.0	10.0	5.0	5.0	3.0	4.0	2.0	2.0	3.0	2.0	0.0	1.0	3.0	5.0	1.0	1.0	2.0	8.0	12.0
	37	42	47	52	57	62	67	72	77	82	87	92	97	102	107	112	117	122	127	132	137	142	147	150
Sin-CPnd_037-Ex1-4F-lcwgs-1-1.clmp.r2	3.0	5.0	5.0	3.0	2.0	2.0	10.0	5.0	5.0	3.0	4.0	2.0	2.0	2.0	2.0	1.0	1.0	3.0	5.0	1.0	1.0	2.0	4.0	16.0
	32	37	42	47	52	57	62	67	72	77	82	87	92	97	102	107	112	117	122	127	132	137	142	147	150
Sin-CPnd_038-Ex1-11C-lcwgs-1-1.clmp.r1	27.0	125.0	199.0	267.0	377.0	413.0	488.0	533.0	538.0	545.0	521.0	456.0	428.0	363.0	299.0	308.0	230.0	187.0	155.0	139.0	146.0	100.0	95.0	344.0	527.0
	32	37	42	47	52	57	62	67	72	77	82	87	92	97	102	107	112	117	122	127	132	137	142	147	150
Sin-CPnd_038-Ex1-11C-lcwgs-1-1.clmp.r2	27.0	124.0	200.0	265.0	380.0	410.0	487.0	530.0	539.0	544.0	521.0	452.0	423.0	368.0	302.0	302.0	229.0	189.0	159.0	137.0	140.0	100.0	92.0	210.0	680.0
	32	37	42	47	52	57	62	67	72	77	82	87	92	97	102	107	112	117	122	127	132	137	142	147	150
Sin-CPnd_039-Ex1-10F-lcwgs-1-1.clmp.r1	12.0	87.0	128.0	189.0	203.0	234.0	261.0	234.0	265.0	237.0	241.0	196.0	191.0	171.0	144.0	125.0	118.0	99.0	82.0	71.0	61.0	57.0	56.0	150.0	259.0
	32	37	42	47	52	57	62	67	72	77	82	87	92	97	102	107	112	117	122	127	132	137	142	147	150
Sin-CPnd_039-Ex1-10F-lcwgs-1-1.clmp.r2	12.0	87.0	127.0	190.0	205.0	232.0	260.0	232.0	264.0	236.0	237.0	199.0	192.0	174.0	141.0	123.0	117.0	98.0	81.0	73.0	62.0	58.0	50.0	99.0	322.0
	32	37	42	47	52	57	62	67	72	77	82	87	92	97	102	107	112	117	122	127	132	137	142	147	150
Sin-CPnd_040-Ex1-11E-lcwgs-1-1.clmp.r1	27.0	80.0	121.0	175.0	212.0	242.0	273.0	283.0	281.0	275.0	280.0	275.0	283.0	237.0	234.0	237.0	221.0	212.0	188.0	166.0	176.0	170.0	207.0	630.0	1017.0
	32	37	42	47	52	57	62	67	72	77	82	87	92	97	102	107	112	117	122	127	132	137	142	147	150
Sin-CPnd_040-Ex1-11E-lcwgs-1-1.clmp.r2	26.0	80.0	122.0	174.0	211.0	242.0	272.0	282.0	279.0	273.0	281.0	277.0	286.0	236.0	234.0	236.0	216.0	212.0	185.0	165.0	175.0	176.0	189.0	351.0	1322.0
	32	37	42	47	52	57	62	67	72	77	82	87	92	97	102	107	112	117	122	127	132	137	142	147	150
Sin-CPnd_041-Ex1-1F-lcwgs-1-1.clmp.r1	1.0	8.0	18.0	30.0	44.0	84.0	104.0	125.0	153.0	178.0	213.0	249.0	296.0	326.0	311.0	326.0	311.0	322.0	282.0	238.0	189.0	166.0	129.0	242.0	267.0
	32	37	42	47	52	57	62	67	72	77	82	87	92	97	102	107	112	117	122	127	132	137	142	147	150
Sin-CPnd_041-Ex1-1F-lcwgs-1-1.clmp.r2	1.0	8.0	18.0	30.0	43.0	83.0	104.0	126.0	154.0	178.0	212.0	250.0	296.0	326.0	308.0	325.0	308.0	320.0	281.0	237.0	188.0	169.0	129.0	183.0	335.0
	32	37	42	47	52	57	62	67	72	77	82	87	92	97	102	107	112	117	122	127	132	137	142	147	150
Sin-CPnd_042-Ex1-10D-lcwgs-1-1.clmp.r1	260.0	1009.0	1558.0	2153.0	2414.0	2525.0	2686.0	2622.0	2690.0	2599.0	2489.0	2410.0	2294.0	2101.0	2031.0	1757.0	1669.0	1526.0	1402.0	1261.0	1158.0	1053.0	1016.0	2852.0	4519.0
	32	37	42	47	52	57	62	67	72	77	82	87	92	97	102	107	112	117	122	127	132	137	142	147	150
Sin-CPnd_042-Ex1-10D-lcwgs-1-1.clmp.r2	257.0	1015.0	1548.0	2141.0	2424.0	2521.0	2691.0	2614.0	2679.0	2590.0	2491.0	2412.0	2294.0	2097.0	2035.0	1746.0	1661.0	1528.0	1403.0	1259.0	1159.0	1052.0	997.0	1754.0	5686.0
	32	37	42	47	52	57	62	67	72	77	82	87	92	97	102	107	112	117	122	127	132	137	142	147	150
Sin-CPnd_043-Ex1-1C-lcwgs-1-1.clmp.r1	26.0	98.0	162.0	215.0	302.0	337.0	349.0	367.0	324.0	364.0	345.0	305.0	291.0	288.0	303.0	260.0	240.0	205.0	191.0	201.0	172.0	157.0	170.0	553.0	947.0
	32	37	42	47	52	57	62	67	72	77	82	87	92	97	102	107	112	117	122	127	132	137	142	147	150
Sin-CPnd_043-Ex1-1C-lcwgs-1-1.clmp.r2	27.0	99.0	162.0	215.0	303.0	331.0	344.0	366.0	326.0	369.0	344.0	304.0	290.0	291.0	299.0	260.0	239.0	203.0	187.0	199.0	172.0	157.0	164.0	358.0	1163.0
	32	37	42	47	52	57	62	67	72	77	82	87	92	97	102	107	112	117	122	127	132	137	142	147	150
Sin-CPnd_044-Ex1-2C-lcwgs-1-1.clmp.r1	5755.0	26714.0	42633.0	55600.0	62727.0	65102.0	65093.0	62315.0	58655.0	53462.0	48403.0	42604.0	39144.0	34365.0	30066.0	26103.0	23186.0	20661.0	18317.0	16713.0	14956.0	13315.0	12065.0	29469.0	46823.0
	32	37	42	47	52	57	62	67	72	77	82	87	92	97	102	107	112	117	122	127	132	137	142	147	150
Sin-CPnd_044-Ex1-2C-lcwgs-1-1.clmp.r2	5742.0	26691.0	42631.0	55596.0	62662.0	64980.0	65064.0	62251.0	58521.0	53373.0	48300.0	42570.0	39076.0	34294.0	30036.0	26083.0	23162.0	20590.0	18285.0	16725.0	14957.0	13293.0	11844.0	18926.0	58594.0
	32	37	42	47	52	57	62	67	72	77	82	87	92	97	102	107	112	117	122	127	132	137	142	147	150
Sin-CPnd_045-Ex1-11H-lcwgs-1-1.clmp.r1	18.0	63.0	106.0	166.0	207.0	218.0	234.0	262.0	263.0	259.0	226.0	225.0	187.0	164.0	154.0	126.0	104.0	80.0	72.0	61.0	61.0	33.0	44.0	108.0	181.0
	32	37	42	47	52	57	62	67	72	77	82	87	92	97	102	107	112	117	122	127	132	137	142	147	150
Sin-CPnd_045-Ex1-11H-lcwgs-1-1.clmp.r2	19.0	64.0	105.0	166.0	209.0	211.0	233.0	260.0	260.0	263.0	231.0	221.0	188.0	162.0	151.0	133.0	105.0	76.0	72.0	60.0	63.0	32.0	43.0	75.0	220.0
	32	37	42	47	52	57	62	67	72	77	82	87	92	97	102	107	112	117	122	127	132	137	142	147	150
Sin-CPnd_049-Ex1-4C-lcwgs-1-1.clmp.r1	40.0	172.0	275.0	381.0	403.0	444.0	463.0	436.0	413.0	404.0	402.0	391.0	429.0	359.0	381.0	300.0	308.0	268.0	246.0	212.0	200.0	213.0	201.0	509.0	873.0
	32	37	42	47	52	57	62	67	72	77	82	87	92	97	102	107	112	117	122	127	132	137	142	147	150
Sin-CPnd_049-Ex1-4C-lcwgs-1-1.clmp.r2	41.0	171.0	274.0	379.0	403.0	451.0	460.0	436.0	408.0	400.0	402.0	391.0	431.0	359.0	376.0	297.0	305.0	272.0	249.0	209.0	199.0	210.0	192.0	314.0	1094.0
	32	37	42	47	52	57	62	67	72	77	82	87	92	97	102	107	112	117	122	127	132	137	142	147	150
Sin-CPnd_050-Ex1-9B-lcwgs-1-1.clmp.r1	267.0	1360.0	2109.0	2810.0	3286.0	3736.0	3906.0	4228.0	4144.0	3978.0	3652.0	3305.0	2992.0	2602.0	2223.0	1979.0	1740.0	1376.0	1124.0	988.0	840.0	726.0	602.0	1373.0	1904.0
	32	37	42	47	52	57	62	67	72	77	82	87	92	97	102	107	112	117	122	127	132	137	142	147	150
Sin-CPnd_050-Ex1-9B-lcwgs-1-1.clmp.r2	263.0	1362.0	2116.0	2799.0	3265.0	3741.0	3885.0	4210.0	4141.0	3956.0	3634.0	3307.0	2999.0	2586.0	2217.0	1981.0	1729.0	1377.0	1132.0	988.0	843.0	734.0	574.0	955.0	2456.0
	32	37	42	47	52	57	62	67	72	77	82	87	92	97	102	107	112	117	122	127	132	137	142	147	150
Sin-CPnd_051-Ex1-12G-lcwgs-1-1.clmp.r1	30.0	126.0	168.0	204.0	268.0	329.0	337.0	434.0	400.0	366.0	371.0	331.0	278.0	266.0	214.0	199.0	156.0	152.0	126.0	131.0	114.0	108.0	102.0	363.0	657.0
	32	37	42	47	52	57	62	67	72	77	82	87	92	97	102	107	112	117	122	127	132	137	142	147	150
Sin-CPnd_051-Ex1-12G-lcwgs-1-1.clmp.r2	31.0	124.0	167.0	210.0	270.0	325.0	330.0	434.0	404.0	367.0	369.0	329.0	275.0	262.0	213.0	202.0	158.0	149.0	125.0	135.0	111.0	111.0	94.0	230.0	805.0
	32	37	42	47	52	57	62	67	72	77	82	87	92	97	102	107	112	117	122	127	132	137	142	147	150
Sin-CPnd_053-Ex1-9G-lcwgs-1-1.clmp.r1	300.0	1360.0	2250.0	3163.0	3763.0	4259.0	4749.0	5104.0	5072.0	4886.0	4675.0	4352.0	3797.0	3353.0	2827.0	2347.0	2022.0	1712.0	1462.0	1164.0	1036.0	832.0	727.0	1609.0	2308.0
	32	37	42	47	52	57	62	67	72	77	82	87	92	97	102	107	112	117	122	127	132	137	142	147	150
Sin-CPnd_053-Ex1-9G-lcwgs-1-1.clmp.r2	302.0	1355.0	2246.0	3156.0	3743.0	4243.0	4742.0	5091.0	5036.0	4878.0	4648.0	4337.0	3792.0	3342.0	2816.0	2339.0	2026.0	1705.0	1466.0	1173.0	1030.0	834.0	735.0	1108.0	2986.0
	32	37	42	47	52	57	62	67	72	77	82	87	92	97	102	107	112	117	122	127	132	137	142	147	150
Sin-CPnd_058-Ex1-9D-lcwgs-1-1.clmp.r1	4050.0	20426.0	37529.0	55877.0	71098.0	82471.0	89378.0	93923.0	95663.0	96137.0	95097.0	92712.0	90365.0	86170.0	80549.0	74625.0	68271.0	62298.0	55515.0	49699.0	44175.0	38861.0	35155.0	78604.0	113913.0
	32	37	42	47	52	57	62	67	72	77	82	87	92	97	102	107	112	117	122	127	132	137	142	147	150
Sin-CPnd_058-Ex1-9D-lcwgs-1-1.clmp.r2	4064.0	20418.0	37504.0	55814.0	71027.0	82354.0	89279.0	93788.0	95499.0	95916.0	94935.0	92640.0	90264.0	86043.0	80377.0	74451.0	68150.0	62178.0	55572.0	49709.0	44174.0	38831.0	34700.0	51518.0	143356.0
	32	37	42	47	52	57	62	67	72	77	82	87	92	97	102	107	112	117	122	127	132	137	142	147	150
Sin-CPnd_060-Ex1-2H-lcwgs-1-1.clmp.r1	7.0	30.0	38.0	44.0	42.0	51.0	56.0	47.0	56.0	36.0	40.0	29.0	34.0	29.0	24.0	19.0	27.0	20.0	26.0	24.0	17.0	15.0	10.0	36.0	57.0
	32	37	42	47	52	57	62	67	72	77	82	87	92	97	102	107	112	117	122	127	132	137	142	147	150
Sin-CPnd_060-Ex1-2H-lcwgs-1-1.clmp.r2	7.0	29.0	38.0	45.0	42.0	51.0	56.0	47.0	56.0	36.0	40.0	29.0	34.0	29.0	24.0	19.0	27.0	20.0	26.0	24.0	18.0	15.0	8.0	19.0	75.0
	32	37	42	47	52	57	62	67	72	77	82	87	92	97	102	107	112	117	122	127	132	137	142	147	150
Sin-CPnd_061-Ex1-9A-lcwgs-1-1.clmp.r1	151.0	630.0	1092.0	1477.0	1791.0	2019.0	2281.0	2331.0	2326.0	2177.0	1985.0	1899.0	1766.0	1558.0	1308.0	1054.0	914.0	880.0	686.0	653.0	512.0	452.0	414.0	1182.0	1793.0
	32	37	42	47	52	57	62	67	72	77	82	87	92	97	102	107	112	117	122	127	132	137	142	147	150
Sin-CPnd_061-Ex1-9A-lcwgs-1-1.clmp.r2	150.0	623.0	1090.0	1480.0	1800.0	2029.0	2262.0	2309.0	2337.0	2160.0	1977.0	1893.0	1771.0	1558.0	1296.0	1050.0	914.0	883.0	678.0	648.0	521.0	456.0	418.0	783.0	2245.0
	32	37	42	47	52	57	62	67	72	77	82	87	92	97	102	107	112	117	122	127	132	137	142	147	150
Sin-CPnd_062-Ex1-11D-lcwgs-1-1.clmp.r1	169.0	780.0	1351.0	1778.0	2361.0	2547.0	2970.0	3054.0	3187.0	3221.0	3314.0	3371.0	3397.0	3309.0	3262.0	3060.0	3016.0	2926.0	2795.0	2799.0	2584.0	2615.0	2720.0	13700.0	24870.0
	32	37	42	47	52	57	62	67	72	77	82	87	92	97	102	107	112	117	122	127	132	137	142	147	150
Sin-CPnd_062-Ex1-11D-lcwgs-1-1.clmp.r2	172.0	769.0	1351.0	1788.0	2360.0	2545.0	2954.0	3050.0	3200.0	3220.0	3295.0	3352.0	3398.0	3313.0	3254.0	3052.0	3009.0	2921.0	2790.0	2785.0	2591.0	2612.0	2606.0	7530.0	31239.0
	32	37	42	47	52	57	62	67	72	77	82	87	92	97	102	107	112	117	122	127	132	137	142	147	150
Sin-CPnd_063-Ex1-9F-lcwgs-1-1.clmp.r1	279.0	1255.0	2058.0	2797.0	3402.0	3750.0	3991.0	4134.0	4213.0	3974.0	3728.0	3376.0	3137.0	2782.0	2460.0	2058.0	1800.0	1515.0	1388.0	1219.0	1069.0	978.0	845.0	2474.0	3800.0
	32	37	42	47	52	57	62	67	72	77	82	87	92	97	102	107	112	117	122	127	132	137	142	147	150
Sin-CPnd_063-Ex1-9F-lcwgs-1-1.clmp.r2	283.0	1246.0	2049.0	2799.0	3392.0	3747.0	3986.0	4126.0	4198.0	3953.0	3713.0	3366.0	3129.0	2780.0	2459.0	2061.0	1791.0	1503.0	1395.0	1217.0	1057.0	988.0	837.0	1580.0	4827.0
	32	37	42	47	52	57	62	67	72	77	82	87	92	97	102	107	112	117	122	127	132	137	142	147	150
Sin-CPnd_065-Ex1-11B-lcwgs-1-1.clmp.r1	120.0	507.0	835.0	1078.0	1195.0	1388.0	1341.0	1387.0	1360.0	1268.0	1278.0	1223.0	1168.0	1026.0	1001.0	860.0	825.0	731.0	698.0	598.0	571.0	520.0	456.0	1537.0	2448.0
	32	37	42	47	52	57	62	67	72	77	82	87	92	97	102	107	112	117	122	127	132	137	142	147	150
Sin-CPnd_065-Ex1-11B-lcwgs-1-1.clmp.r2	118.0	501.0	839.0	1080.0	1197.0	1385.0	1345.0	1388.0	1345.0	1266.0	1281.0	1227.0	1163.0	1022.0	993.0	864.0	831.0	723.0	698.0	602.0	570.0	514.0	447.0	918.0	3102.0
	32	37	42	47	52	57	62	67	72	77	82	87	92	97	102	107	112	117	122	127	132	137	142	147	150
Sin-CPnd_067-Ex1-9C-lcwgs-1-1.clmp.r1	291.0	1426.0	2396.0	3408.0	4262.0	4894.0	5383.0	5693.0	5717.0	5675.0	5465.0	5080.0	4695.0	4308.0	3973.0	3451.0	3173.0	2820.0	2454.0	2242.0	2056.0	1933.0	1825.0	6318.0	10616.0
	32	37	42	47	52	57	62	67	72	77	82	87	92	97	102	107	112	117	122	127	132	137	142	147	150
Sin-CPnd_067-Ex1-9C-lcwgs-1-1.clmp.r2	299.0	1435.0	2388.0	3391.0	4261.0	4881.0	5370.0	5678.0	5697.0	5654.0	5461.0	5065.0	4688.0	4310.0	3949.0	3449.0	3179.0	2813.0	2444.0	2235.0	2057.0	1930.0	1797.0	3673.0	13450.0
	32	37	42	47	52	57	62	67	72	77	82	87	92	97	102	107	112	117	122	127	132	137	142	147	150
Sin-CPnd_071-Ex1-10A-lcwgs-1-1.clmp.r1	8.0	46.0	84.0	116.0	124.0	125.0	137.0	154.0	142.0	142.0	137.0	128.0	130.0	118.0	114.0	96.0	86.0	101.0	71.0	71.0	89.0	67.0	60.0	251.0	435.0
	32	37	42	47	52	57	62	67	72	77	82	87	92	97	102	107	112	117	122	127	132	137	142	147	150
Sin-CPnd_071-Ex1-10A-lcwgs-1-1.clmp.r2	7.0	44.0	87.0	115.0	119.0	129.0	136.0	153.0	150.0	142.0	134.0	128.0	127.0	116.0	114.0	98.0	86.0	100.0	70.0	71.0	86.0	65.0	60.0	150.0	545.0
	32	37	42	47	52	57	62	67	72	77	82	87	92	97	102	107	112	117	122	127	132	137	142	147	150
Sin-CPnd_074-Ex1-12A-lcwgs-1-1.clmp.r1	11.0	62.0	95.0	108.0	142.0	153.0	172.0	185.0	185.0	156.0	151.0	146.0	115.0	107.0	97.0	81.0	76.0	53.0	54.0	42.0	24.0	30.0	34.0	82.0	163.0
	32	37	42	47	52	57	62	67	72	77	82	87	92	97	102	107	112	117	122	127	132	137	142	147	150
Sin-CPnd_074-Ex1-12A-lcwgs-1-1.clmp.r2	10.0	63.0	96.0	111.0	140.0	151.0	171.0	182.0	187.0	149.0	152.0	149.0	112.0	106.0	94.0	82.0	76.0	53.0	55.0	41.0	24.0	24.0	33.0	59.0	204.0
	32	37	42	47	52	57	62	67	72	77	82	87	92	97	102	107	112	117	122	127	132	137	142	147	150
Sin-CPnd_075-Ex1-11G-lcwgs-1-1.clmp.r1	71.0	239.0	352.0	499.0	583.0	718.0	773.0	784.0	872.0	786.0	760.0	691.0	611.0	555.0	469.0	412.0	353.0	310.0	255.0	209.0	186.0	192.0	191.0	486.0	749.0
	32	37	42	47	52	57	62	67	72	77	82	87	92	97	102	107	112	117	122	127	132	137	142	147	150
Sin-CPnd_075-Ex1-11G-lcwgs-1-1.clmp.r2	70.0	239.0	354.0	495.0	586.0	712.0	769.0	788.0	874.0	784.0	752.0	693.0	611.0	555.0	468.0	411.0	350.0	305.0	255.0	212.0	185.0	189.0	184.0	303.0	962.0
	32	37	42	47	52	57	62	67	72	77	82	87	92	97	102	107	112	117	122	127	132	137	142	147	150
Sin-CPnd_076-Ex1-10E-lcwgs-1-1.clmp.r1	91.0	336.0	672.0	917.0	974.0	1051.0	1037.0	1104.0	983.0	910.0	819.0	780.0	743.0	675.0	635.0	560.0	481.0	422.0	374.0	337.0	268.0	260.0	231.0	493.0	830.0
	32	37	42	47	52	57	62	67	72	77	82	87	92	97	102	107	112	117	122	127	132	137	142	147	150
Sin-CPnd_076-Ex1-10E-lcwgs-1-1.clmp.r2	90.0	331.0	671.0	923.0	971.0	1050.0	1037.0	1102.0	979.0	910.0	820.0	781.0	748.0	670.0	636.0	553.0	477.0	424.0	374.0	330.0	273.0	262.0	221.0	336.0	1014.0
	32	37	42	47	52	57	62	67	72	77	82	87	92	97	102	107	112	117	122	127	132	137	142	147	150
Sin-CPnd_079-Ex1-9H-lcwgs-1-1.clmp.r1	2172.0	8585.0	12167.0	14701.0	16131.0	16729.0	16684.0	16484.0	16056.0	15315.0	14423.0	13513.0	12317.0	11449.0	10328.0	9072.0	8093.0	7395.0	6468.0	5830.0	5197.0	4817.0	4447.0	12019.0	19222.0
	32	37	42	47	52	57	62	67	72	77	82	87	92	97	102	107	112	117	122	127	132	137	142	147	150
Sin-CPnd_079-Ex1-9H-lcwgs-1-1.clmp.r2	2166.0	8583.0	12156.0	14674.0	16089.0	16701.0	16679.0	16455.0	16020.0	15275.0	14401.0	13487.0	12287.0	11450.0	10291.0	9048.0	8072.0	7406.0	6480.0	5827.0	5202.0	4845.0	4366.0	7535.0	24119.0
	32	37	42	47	52	57	62	67	72	77	82	87	92	97	102	107	112	117	122	127	132	137	142	147	150
Sin-CPnd_080-Ex1-2E-lcwgs-1-1.clmp.r1	60.0	350.0	542.0	766.0	820.0	885.0	1004.0	977.0	957.0	973.0	890.0	905.0	891.0	865.0	827.0	817.0	723.0	710.0	667.0	679.0	653.0	615.0	646.0	2335.0	4300.0
	32	37	42	47	52	57	62	67	72	77	82	87	92	97	102	107	112	117	122	127	132	137	142	147	150
Sin-CPnd_080-Ex1-2E-lcwgs-1-1.clmp.r2	60.0	352.0	546.0	765.0	815.0	887.0	1010.0	970.0	954.0	972.0	890.0	902.0	891.0	869.0	828.0	813.0	728.0	701.0	664.0	687.0	649.0	608.0	637.0	1323.0	5336.0
	32	37	42	47	52	57	62	67	72	77	82	87	92	97	102	107	112	117	122	127	132	137	142	147	150
Sin-CPnd_081-Ex1-10G-lcwgs-1-1.clmp.r1	16.0	78.0	134.0	214.0	251.0	265.0	282.0	337.0	364.0	322.0	309.0	260.0	241.0	160.0	174.0	137.0	128.0	87.0	71.0	65.0	60.0	58.0	37.0	95.0	135.0
	32	37	42	47	52	57	62	67	72	77	82	87	92	97	102	107	112	117	122	127	132	137	142	147	150
Sin-CPnd_081-Ex1-10G-lcwgs-1-1.clmp.r2	16.0	78.0	136.0	212.0	250.0	265.0	282.0	338.0	364.0	315.0	305.0	259.0	242.0	163.0	177.0	136.0	124.0	90.0	70.0	65.0	60.0	60.0	39.0	65.0	169.0
	32	37	42	47	52	57	62	67	72	77	82	87	92	97	102	107	112	117	122	127	132	137	142	147	150
Sin-CPnd_085-Ex1-4H-lcwgs-1-1.clmp.r1	4.0	19.0	29.0	34.0	45.0	63.0	69.0	73.0	98.0	82.0	84.0	83.0	84.0	106.0	101.0	82.0	89.0	85.0	76.0	97.0	87.0	79.0	66.0	302.0	608.0
	32	37	42	47	52	57	62	67	72	77	82	87	92	97	102	107	112	117	122	127	132	137	142	147	150
Sin-CPnd_085-Ex1-4H-lcwgs-1-1.clmp.r2	4.0	19.0	29.0	35.0	45.0	63.0	68.0	72.0	98.0	80.0	83.0	81.0	87.0	106.0	101.0	86.0	89.0	83.0	76.0	97.0	88.0	81.0	69.0	188.0	717.0
	32	37	42	47	52	57	62	67	72	77	82	87	92	97	102	107	112	117	122	127	132	137	142	147	150
Sin-CPnd_086-Ex1-2A-lcwgs-1-1.clmp.r1	5.0	16.0	23.0	50.0	48.0	53.0	43.0	49.0	55.0	34.0	53.0	25.0	32.0	41.0	34.0	30.0	23.0	12.0	14.0	18.0	16.0	10.0	16.0	38.0	64.0
	32	37	42	47	52	57	62	67	72	77	82	87	92	97	102	107	112	117	122	127	132	137	142	147	150
Sin-CPnd_086-Ex1-2A-lcwgs-1-1.clmp.r2	6.0	16.0	23.0	50.0	48.0	52.0	43.0	48.0	55.0	33.0	52.0	26.0	32.0	41.0	34.0	29.0	23.0	12.0	15.0	18.0	15.0	9.0	15.0	30.0	77.0
	32	37	42	47	52	57	62	67	72	77	82	87	92	97	102	107	112	117	122	127	132	137	142	147	150
Sin-CPnd_087-Ex1-4B-lcwgs-1-1.clmp.r1	2.0	14.0	22.0	22.0	22.0	27.0	17.0	25.0	26.0	28.0	19.0	16.0	20.0	9.0	19.0	19.0	17.0	12.0	12.0	15.0	13.0	10.0	8.0	26.0	47.0
	32	37	42	47	52	57	62	67	72	77	82	87	92	97	102	107	112	117	122	127	132	137	142	147	150
Sin-CPnd_087-Ex1-4B-lcwgs-1-1.clmp.r2	2.0	14.0	23.0	22.0	22.0	27.0	16.0	25.0	26.0	26.0	19.0	18.0	19.0	9.0	20.0	19.0	17.0	12.0	12.0	15.0	13.0	10.0	7.0	20.0	54.0
	32	37	42	47	52	57	62	67	72	77	82	87	92	97	102	107	112	117	122	127	132	137	142	147	150
Sin-CPnd_088-Ex1-2D-lcwgs-1-1.clmp.r1	25232.0	120348.0	206686.0	288568.0	340374.0	369279.0	378826.0	376193.0	364590.0	345277.0	319765.0	298481.0	279179.0	255677.0	228701.0	205630.0	188218.0	173231.0	157897.0	147059.0	135229.0	125622.0	117334.0	328265.0	547164.0
	32	37	42	47	52	57	62	67	72	77	82	87	92	97	102	107	112	117	122	127	132	137	142	147	150
Sin-CPnd_088-Ex1-2D-lcwgs-1-1.clmp.r2	25214.0	120244.0	206457.0	288407.0	340131.0	368888.0	378194.0	375387.0	363989.0	344557.0	319060.0	298010.0	278814.0	255452.0	228359.0	205210.0	187901.0	173192.0	157754.0	146932.0	135280.0	125369.0	114706.0	198832.0	686486.0
	32	37	42	47	52	57	62	67	72	77	82	87	92	97	102	107	112	117	122	127	132	137	142	147	150
Sin-CPnd_089-Ex1-9E-lcwgs-1-1.clmp.r1	126.0	564.0	915.0	1233.0	1508.0	1696.0	1814.0	1936.0	1843.0	1753.0	1641.0	1471.0	1367.0	1237.0	1027.0	898.0	789.0	654.0	555.0	478.0	412.0	315.0	298.0	697.0	927.0
	32	37	42	47	52	57	62	67	72	77	82	87	92	97	102	107	112	117	122	127	132	137	142	147	150
Sin-CPnd_089-Ex1-9E-lcwgs-1-1.clmp.r2	125.0	561.0	921.0	1233.0	1490.0	1690.0	1812.0	1932.0	1830.0	1748.0	1657.0	1464.0	1355.0	1225.0	1027.0	900.0	785.0	651.0	554.0	480.0	411.0	318.0	294.0	464.0	1227.0
	32	37	42	47	52	57	62	67	72	77	82	87	92	97	102	107	112	117	122	127	132	137	142	147	150
Sin-CPnd_090-Ex1-12F-lcwgs-1-1.clmp.r1	16.0	73.0	100.0	172.0	197.0	226.0	234.0	265.0	274.0	272.0	225.0	247.0	208.0	179.0	163.0	152.0	123.0	104.0	93.0	84.0	74.0	64.0	62.0	275.0	562.0
	32	37	42	47	52	57	62	67	72	77	82	87	92	97	102	107	112	117	122	127	132	137	142	147	150
Sin-CPnd_090-Ex1-12F-lcwgs-1-1.clmp.r2	16.0	75.0	101.0	171.0	195.0	227.0	236.0	258.0	273.0	271.0	226.0	247.0	209.0	175.0	161.0	150.0	124.0	104.0	96.0	81.0	73.0	65.0	60.0	136.0	714.0
	32	37	42	47	52	57	62	67	72	77	82	87	92	97	102	107	112	117	122	127	132	137	142	147	150
Sin-CPnd_091-Ex1-1A-lcwgs-1-1.clmp.r1	1.0	6.0	2.0	7.0	7.0	3.0	7.0	11.0	8.0	10.0	23.0	24.0	18.0	21.0	26.0	27.0	26.0	27.0	22.0	20.0	31.0	24.0	28.0	160.0	256.0
	32	37	42	47	52	57	62	67	72	77	82	87	92	97	102	107	112	117	122	127	132	137	142	147	150
Sin-CPnd_091-Ex1-1A-lcwgs-1-1.clmp.r2	1.0	6.0	2.0	7.0	7.0	3.0	7.0	11.0	9.0	10.0	21.0	24.0	19.0	21.0	26.0	26.0	26.0	27.0	24.0	20.0	30.0	22.0	27.0	90.0	329.0
	32	37	42	47	52	57	62	67	72	77	82	87	92	97	102	107	112	117	122	127	132	137	142	147	150
Sin-CPnd_092-Ex1-11F-lcwgs-1-1.clmp.r1	56.0	289.0	377.0	569.0	637.0	729.0	741.0	811.0	791.0	774.0	689.0	683.0	677.0	573.0	553.0	508.0	456.0	411.0	393.0	344.0	341.0	299.0	300.0	1207.0	2113.0
	32	37	42	47	52	57	62	67	72	77	82	87	92	97	102	107	112	117	122	127	132	137	142	147	150
Sin-CPnd_092-Ex1-11F-lcwgs-1-1.clmp.r2	57.0	288.0	374.0	565.0	638.0	727.0	742.0	808.0	793.0	769.0	687.0	682.0	681.0	572.0	549.0	509.0	459.0	412.0	393.0	336.0	337.0	296.0	289.0	667.0	2691.0
	32	37	42	47	52	57	62	67	72	77	82	87	92	97	102	107	112	117	122	127	132	137	142	147	150
Sin-CPnd_093-Ex1-10C-lcwgs-1-1.clmp.r1	36.0	196.0	307.0	403.0	410.0	453.0	485.0	509.0	513.0	473.0	424.0	410.0	352.0	326.0	299.0	257.0	215.0	197.0	171.0	147.0	115.0	101.0	109.0	259.0	413.0
	32	37	42	47	52	57	62	67	72	77	82	87	92	97	102	107	112	117	122	127	132	137	142	147	150
Sin-CPnd_093-Ex1-10C-lcwgs-1-1.clmp.r2	37.0	196.0	303.0	402.0	413.0	454.0	480.0	515.0	511.0	471.0	419.0	409.0	357.0	329.0	293.0	253.0	215.0	197.0	172.0	150.0	114.0	99.0	106.0	163.0	522.0
	32	37	42	47	52	57	62	67	72	77	82	87	92	97	102	107	112	117	122	127	132	137	142	147	150
Sin-CPnd_094-Ex1-3H-lcwgs-1-1.clmp.r1	3.0	19.0	31.0	33.0	47.0	48.0	60.0	75.0	65.0	80.0	76.0	84.0	83.0	72.0	120.0	88.0	102.0	101.0	98.0	88.0	87.0	71.0	103.0	398.0	807.0
	32	37	42	47	52	57	62	67	72	77	82	87	92	97	102	107	112	117	122	127	132	137	142	147	150
Sin-CPnd_094-Ex1-3H-lcwgs-1-1.clmp.r2	3.0	19.0	30.0	33.0	48.0	49.0	60.0	74.0	66.0	78.0	74.0	85.0	84.0	74.0	119.0	86.0	101.0	102.0	100.0	88.0	86.0	73.0	100.0	212.0	995.0
	32	37	42	47	52	57	62	67	72	77	82	87	92	97	102	107	112	117	122	127	132	137	142	147	150
Sin-CPnd_095-Ex1-2B-lcwgs-1-1.clmp.r1	29.0	97.0	170.0	206.0	214.0	217.0	231.0	203.0	223.0	220.0	195.0	207.0	183.0	169.0	144.0	139.0	103.0	107.0	95.0	120.0	73.0	83.0	72.0	202.0	355.0
	32	37	42	47	52	57	62	67	72	77	82	87	92	97	102	107	112	117	122	127	132	137	142	147	150
Sin-CPnd_095-Ex1-2B-lcwgs-1-1.clmp.r2	29.0	98.0	169.0	206.0	214.0	218.0	229.0	200.0	223.0	219.0	196.0	208.0	181.0	169.0	146.0	136.0	105.0	104.0	94.0	120.0	73.0	79.0	70.0	146.0	425.0
	32	37	42	47	52	57	62	67	72	77	82	87	92	97	102	107	112	117	122	127	132	137	142	147	150
Undetermined.clmp.r1	373960.0	1525735.0	2373379.0	3197997.0	3924611.0	4709855.0	5527429.0	6156109.0	6400118.0	6329594.0	6074415.0	5582360.0	4865343.0	4220370.0	3723607.0	3256832.0	2648870.0	2190415.0	1753656.0	1398425.0	1117291.0	942066.0	799368.0	1870050.0	2304815.0
	32	37	42	47	52	57	62	67	72	77	82	87	92	97	102	107	112	117	122	127	132	137	142	147	150
Undetermined.clmp.r2	375206.0	1523793.0	2354574.0	3159393.0	3882029.0	4643175.0	5416229.0	6025609.0	6266715.0	6198843.0	5959708.0	5499011.0	4800466.0	4157275.0	3651313.0	3177446.0	2598461.0	2159622.0	1740044.0	1400435.0	1143659.0	985975.0	832159.0	1819514.0	3496016.0

