	20.0	21.0	22.0	23.0	24.0	25.0	26.0	27.0	28.0	29.0	30.0	31.0	32.0	33.0	34.0	35.0	36.0	37.0	38.0	39.0	40.0
Sin-APnd_001-Ex1-6G-lcwgs-1-1.clmp.r1	257.0	4124.0	9676.0	13880.0	17294.0	18977.0	21173.0	23035.0	27754.0	31607.0	38922.0	45826.0	58190.0	72098.0	96814.0	130967.0	204728.0	313124.0	582731.0	2111844.0	2711364.0
	19.0	20.0	21.0	22.0	23.0	24.0	25.0	26.0	27.0	28.0	29.0	30.0	31.0	32.0	33.0	34.0	35.0	36.0	37.0	38.0	39.0	40.0
Sin-APnd_001-Ex1-6G-lcwgs-1-1.clmp.r2	15.0	1971.0	15389.0	28327.0	33600.0	36436.0	36513.0	38075.0	38024.0	40945.0	42507.0	46985.0	51660.0	61664.0	71120.0	89860.0	116314.0	173656.0	266464.0	511712.0	1839542.0	2993606.0
	20.0	21.0	22.0	23.0	24.0	25.0	26.0	27.0	28.0	29.0	30.0	31.0	32.0	33.0	34.0	35.0	36.0	37.0	38.0	39.0	40.0
Sin-APnd_002-Ex1-3G-lcwgs-1-1.clmp.r1	1016.0	15286.0	37683.0	53235.0	70051.0	79947.0	93379.0	105254.0	128668.0	150649.0	185468.0	220596.0	284269.0	353785.0	476433.0	660721.0	1043498.0	1618937.0	3080528.0	11880134.0	17276313.0
	19.0	20.0	21.0	22.0	23.0	24.0	25.0	26.0	27.0	28.0	29.0	30.0	31.0	32.0	33.0	34.0	35.0	36.0	37.0	38.0	39.0	40.0
Sin-APnd_002-Ex1-3G-lcwgs-1-1.clmp.r2	78.0	8875.0	66144.0	130823.0	155078.0	173181.0	174700.0	184955.0	188439.0	205180.0	216209.0	243994.0	267607.0	319457.0	369902.0	465720.0	606081.0	914927.0	1419550.0	2787530.0	10747319.0	18170101.0
	20.0	21.0	22.0	23.0	24.0	25.0	26.0	27.0	28.0	29.0	30.0	31.0	32.0	33.0	34.0	35.0	36.0	37.0	38.0	39.0	40.0
Sin-APnd_003-Ex1-3H-lcwgs-1-1.clmp.r1	60.0	884.0	2253.0	3276.0	4240.0	4976.0	5672.0	6710.0	8161.0	9617.0	11761.0	13929.0	18209.0	22884.0	31043.0	43669.0	70532.0	110200.0	210624.0	798332.0	1102521.0
	19.0	20.0	21.0	22.0	23.0	24.0	25.0	26.0	27.0	28.0	29.0	30.0	31.0	32.0	33.0	34.0	35.0	36.0	37.0	38.0	39.0	40.0
Sin-APnd_003-Ex1-3H-lcwgs-1-1.clmp.r2	7.0	518.0	3953.0	7658.0	8986.0	9898.0	10255.0	11064.0	11514.0	12810.0	13530.0	15419.0	17094.0	20668.0	24111.0	30698.0	40137.0	61611.0	96400.0	190673.0	729937.0	1162612.0
	20.0	21.0	22.0	23.0	24.0	25.0	26.0	27.0	28.0	29.0	30.0	31.0	32.0	33.0	34.0	35.0	36.0	37.0	38.0	39.0	40.0
Sin-APnd_004-Ex1-4A-lcwgs-1-1.clmp.r1	944.0	13149.0	29047.0	40272.0	51176.0	57355.0	65352.0	72188.0	85334.0	97981.0	118964.0	139450.0	176618.0	215381.0	282638.0	378695.0	574524.0	852839.0	1529668.0	5172231.0	6877745.0
	19.0	20.0	21.0	22.0	23.0	24.0	25.0	26.0	27.0	28.0	29.0	30.0	31.0	32.0	33.0	34.0	35.0	36.0	37.0	38.0	39.0	40.0
Sin-APnd_004-Ex1-4A-lcwgs-1-1.clmp.r2	40.0	6101.0	45464.0	85279.0	102015.0	111916.0	111943.0	115837.0	115523.0	123194.0	128608.0	142573.0	154047.0	181407.0	207796.0	257896.0	327968.0	480434.0	720616.0	1356361.0	4627362.0	7429171.0
	20.0	21.0	22.0	23.0	24.0	25.0	26.0	27.0	28.0	29.0	30.0	31.0	32.0	33.0	34.0	35.0	36.0	37.0	38.0	39.0	40.0
Sin-APnd_005-Ex1-4B-lcwgs-1-1.clmp.r1	1241.0	18191.0	42383.0	58013.0	69386.0	72494.0	78081.0	84355.0	99531.0	113831.0	138281.0	161460.0	206624.0	252306.0	336007.0	457233.0	709059.0	1078592.0	2019159.0	7407140.0	10483228.0
	19.0	20.0	21.0	22.0	23.0	24.0	25.0	26.0	27.0	28.0	29.0	30.0	31.0	32.0	33.0	34.0	35.0	36.0	37.0	38.0	39.0	40.0
Sin-APnd_005-Ex1-4B-lcwgs-1-1.clmp.r2	62.0	7363.0	53670.0	97448.0	114228.0	128037.0	128165.0	135272.0	134088.0	144875.0	150532.0	167879.0	183625.0	218768.0	251102.0	315655.0	404935.0	604687.0	922076.0	1761930.0	6342353.0	11619845.0
	19.0	20.0	21.0	22.0	23.0	24.0	25.0	26.0	27.0	28.0	29.0	30.0	31.0	32.0	33.0	34.0	35.0	36.0	37.0	38.0	39.0	40.0
Sin-APnd_006-Ex1-4C-lcwgs-1-1.clmp.r1	1.0	1839.0	26667.0	58125.0	78673.0	97009.0	106310.0	120379.0	132705.0	158528.0	181662.0	218877.0	256975.0	322739.0	392429.0	512142.0	683261.0	1024842.0	1513300.0	2727242.0	9984007.0	15149072.0
	19.0	20.0	21.0	22.0	23.0	24.0	25.0	26.0	27.0	28.0	29.0	30.0	31.0	32.0	33.0	34.0	35.0	36.0	37.0	38.0	39.0	40.0
Sin-APnd_006-Ex1-4C-lcwgs-1-1.clmp.r2	106.0	12911.0	95493.0	174600.0	199765.0	213887.0	209905.0	216422.0	216256.0	232903.0	243227.0	269832.0	292611.0	342920.0	388730.0	481617.0	606855.0	884220.0	1319952.0	2499842.0	9418972.0	15425758.0
	19.0	20.0	21.0	22.0	23.0	24.0	25.0	26.0	27.0	28.0	29.0	30.0	31.0	32.0	33.0	34.0	35.0	36.0	37.0	38.0	39.0	40.0
Sin-APnd_007-Ex1-4D-lcwgs-1-1.clmp.r1	1.0	1022.0	14656.0	32690.0	44801.0	57367.0	64152.0	73861.0	81541.0	98432.0	112803.0	137049.0	162089.0	207516.0	256847.0	343548.0	467721.0	720845.0	1095518.0	2026338.0	7232796.0	9982115.0
	19.0	20.0	21.0	22.0	23.0	24.0	25.0	26.0	27.0	28.0	29.0	30.0	31.0	32.0	33.0	34.0	35.0	36.0	37.0	38.0	39.0	40.0
Sin-APnd_007-Ex1-4D-lcwgs-1-1.clmp.r2	62.0	6666.0	50291.0	92790.0	109754.0	122420.0	123760.0	128915.0	129296.0	139733.0	145759.0	164656.0	180886.0	215774.0	249699.0	313872.0	405481.0	607371.0	928256.0	1790788.0	6364307.0	10943172.0
	20.0	21.0	22.0	23.0	24.0	25.0	26.0	27.0	28.0	29.0	30.0	31.0	32.0	33.0	34.0	35.0	36.0	37.0	38.0	39.0	40.0
Sin-APnd_008-Ex1-4E-lcwgs-1-1.clmp.r1	848.0	12176.0	25177.0	32883.0	41890.0	45848.0	51429.0	56638.0	66978.0	77703.0	93810.0	110124.0	140430.0	172450.0	228154.0	308007.0	470206.0	705417.0	1286056.0	4461820.0	5785894.0
	19.0	20.0	21.0	22.0	23.0	24.0	25.0	26.0	27.0	28.0	29.0	30.0	31.0	32.0	33.0	34.0	35.0	36.0	37.0	38.0	39.0	40.0
Sin-APnd_008-Ex1-4E-lcwgs-1-1.clmp.r2	49.0	5118.0	37836.0	67212.0	77328.0	84305.0	84325.0	87694.0	87444.0	93985.0	97843.0	108905.0	118708.0	141841.0	162710.0	204055.0	262002.0	390560.0	591474.0	1130048.0	3966598.0	6373898.0
	20.0	21.0	22.0	23.0	24.0	25.0	26.0	27.0	28.0	29.0	30.0	31.0	32.0	33.0	34.0	35.0	36.0	37.0	38.0	39.0	40.0
Sin-APnd_009-Ex1-4F-lcwgs-1-1.clmp.r1	718.0	9967.0	21088.0	29471.0	37221.0	42412.0	47810.0	52654.0	63037.0	72884.0	88726.0	104727.0	132823.0	161814.0	215855.0	293357.0	453775.0	689892.0	1286572.0	4760952.0	6345941.0
	19.0	20.0	21.0	22.0	23.0	24.0	25.0	26.0	27.0	28.0	29.0	30.0	31.0	32.0	33.0	34.0	35.0	36.0	37.0	38.0	39.0	40.0
Sin-APnd_009-Ex1-4F-lcwgs-1-1.clmp.r2	41.0	4722.0	33998.0	63445.0	74268.0	81914.0	81518.0	85421.0	85499.0	91682.0	97266.0	108436.0	118036.0	140306.0	161287.0	201707.0	260620.0	387070.0	591766.0	1133264.0	4135789.0	6973641.0
	20.0	21.0	22.0	23.0	24.0	25.0	26.0	27.0	28.0	29.0	30.0	31.0	32.0	33.0	34.0	35.0	36.0	37.0	38.0	39.0	40.0
Sin-APnd_010-Ex1-4G-lcwgs-1-1.clmp.r1	877.0	12661.0	29956.0	42830.0	54798.0	61786.0	70540.0	77098.0	91704.0	105885.0	128592.0	151662.0	192570.0	237188.0	315688.0	430188.0	663825.0	1008450.0	1846317.0	6477684.0	8354293.0
	19.0	20.0	21.0	22.0	23.0	24.0	25.0	26.0	27.0	28.0	29.0	30.0	31.0	32.0	33.0	34.0	35.0	36.0	37.0	38.0	39.0	40.0
Sin-APnd_010-Ex1-4G-lcwgs-1-1.clmp.r2	49.0	6187.0	45866.0	85923.0	102754.0	113926.0	114187.0	120448.0	120680.0	130486.0	135777.0	151660.0	165678.0	197763.0	227586.0	285699.0	368324.0	548573.0	840987.0	1619819.0	5740460.0	9231760.0
	19.0	20.0	21.0	22.0	23.0	24.0	25.0	26.0	27.0	28.0	29.0	30.0	31.0	32.0	33.0	34.0	35.0	36.0	37.0	38.0	39.0	40.0
Sin-APnd_011-Ex1-4H-lcwgs-1-1.clmp.r1	1.0	520.0	7242.0	17618.0	25764.0	34288.0	39295.0	45353.0	50039.0	59883.0	68626.0	83035.0	98215.0	124390.0	152997.0	204462.0	277642.0	430923.0	651846.0	1209587.0	4324699.0	5721035.0
	19.0	20.0	21.0	22.0	23.0	24.0	25.0	26.0	27.0	28.0	29.0	30.0	31.0	32.0	33.0	34.0	35.0	36.0	37.0	38.0	39.0	40.0
Sin-APnd_011-Ex1-4H-lcwgs-1-1.clmp.r2	35.0	4086.0	29006.0	55607.0	67528.0	75903.0	77337.0	80654.0	80708.0	86553.0	89879.0	99839.0	109916.0	129965.0	150057.0	188373.0	241654.0	361692.0	551108.0	1052273.0	3739540.0	6355747.0
	20.0	21.0	22.0	23.0	24.0	25.0	26.0	27.0	28.0	29.0	30.0	31.0	32.0	33.0	34.0	35.0	36.0	37.0	38.0	39.0	40.0
Sin-APnd_012-Ex1-5A-lcwgs-1-1.clmp.r1	115.0	1633.0	3469.0	4752.0	6309.0	7251.0	8155.0	9273.0	10938.0	12478.0	15412.0	18228.0	23619.0	28860.0	38233.0	52474.0	82164.0	124470.0	229928.0	807477.0	1060170.0
	19.0	20.0	21.0	22.0	23.0	24.0	25.0	26.0	27.0	28.0	29.0	30.0	31.0	32.0	33.0	34.0	35.0	36.0	37.0	38.0	39.0	40.0
Sin-APnd_012-Ex1-5A-lcwgs-1-1.clmp.r2	8.0	718.0	5667.0	10652.0	13030.0	14171.0	14662.0	15205.0	15148.0	16443.0	17284.0	19386.0	21256.0	25224.0	28905.0	36576.0	47352.0	70651.0	107754.0	204289.0	710705.0	1150322.0
	20.0	21.0	22.0	23.0	24.0	25.0	26.0	27.0	28.0	29.0	30.0	31.0	32.0	33.0	34.0	35.0	36.0	37.0	38.0	39.0	40.0
Sin-APnd_013-Ex1-5B-lcwgs-1-1.clmp.r1	985.0	14528.0	32699.0	45110.0	57799.0	64359.0	73226.0	79831.0	95180.0	109181.0	131391.0	153981.0	195642.0	238026.0	315417.0	424269.0	643825.0	963306.0	1776861.0	6450797.0	9255902.0
	19.0	20.0	21.0	22.0	23.0	24.0	25.0	26.0	27.0	28.0	29.0	30.0	31.0	32.0	33.0	34.0	35.0	36.0	37.0	38.0	39.0	40.0
Sin-APnd_013-Ex1-5B-lcwgs-1-1.clmp.r2	65.0	6351.0	48059.0	91174.0	108937.0	121377.0	120204.0	124170.0	122857.0	132313.0	138915.0	154692.0	167517.0	199818.0	229908.0	288880.0	370382.0	546866.0	819777.0	1549889.0	5526484.0	10253680.0
	20.0	21.0	22.0	23.0	24.0	25.0	26.0	27.0	28.0	29.0	30.0	31.0	32.0	33.0	34.0	35.0	36.0	37.0	38.0	39.0	40.0
Sin-APnd_014-Ex1-5C-lcwgs-1-1.clmp.r1	511.0	7587.0	17926.0	26136.0	34627.0	39702.0	45435.0	49680.0	59306.0	68059.0	83804.0	98068.0	125179.0	151342.0	201499.0	271464.0	415610.0	625618.0	1163829.0	4384194.0	6516329.0
	19.0	20.0	21.0	22.0	23.0	24.0	25.0	26.0	27.0	28.0	29.0	30.0	31.0	32.0	33.0	34.0	35.0	36.0	37.0	38.0	39.0	40.0
Sin-APnd_014-Ex1-5C-lcwgs-1-1.clmp.r2	48.0	3686.0	28218.0	57350.0	70752.0	79774.0	80126.0	83762.0	82411.0	89146.0	92254.0	103270.0	111746.0	133158.0	153450.0	191462.0	244636.0	363638.0	545631.0	1028536.0	3735401.0	7107450.0
	20.0	21.0	22.0	23.0	24.0	25.0	26.0	27.0	28.0	29.0	30.0	31.0	32.0	33.0	34.0	35.0	36.0	37.0	38.0	39.0	40.0
Sin-APnd_015-Ex1-5D-lcwgs-1-1.clmp.r1	397.0	5613.0	12653.0	17316.0	22511.0	25422.0	29163.0	32084.0	38695.0	44493.0	54114.0	64076.0	81091.0	99551.0	131992.0	179191.0	277277.0	418792.0	780598.0	2975667.0	4316809.0
	19.0	20.0	21.0	22.0	23.0	24.0	25.0	26.0	27.0	28.0	29.0	30.0	31.0	32.0	33.0	34.0	35.0	36.0	37.0	38.0	39.0	40.0
Sin-APnd_015-Ex1-5D-lcwgs-1-1.clmp.r2	19.0	2613.0	19828.0	39116.0	46328.0	51880.0	51500.0	53069.0	53162.0	57782.0	60224.0	67316.0	73938.0	87909.0	100978.0	126550.0	162885.0	243458.0	366268.0	694558.0	2551861.0	4696263.0
	20.0	21.0	22.0	23.0	24.0	25.0	26.0	27.0	28.0	29.0	30.0	31.0	32.0	33.0	34.0	35.0	36.0	37.0	38.0	39.0	40.0
Sin-APnd_016-Ex1-5E-lcwgs-1-1.clmp.r1	474.0	6117.0	12475.0	16613.0	21681.0	24825.0	28293.0	31155.0	36440.0	41913.0	51014.0	59818.0	76140.0	92322.0	122138.0	164297.0	250362.0	374299.0	698627.0	2566753.0	3837522.0
	19.0	20.0	21.0	22.0	23.0	24.0	25.0	26.0	27.0	28.0	29.0	30.0	31.0	32.0	33.0	34.0	35.0	36.0	37.0	38.0	39.0	40.0
Sin-APnd_016-Ex1-5E-lcwgs-1-1.clmp.r2	26.0	2417.0	18140.0	34486.0	41343.0	47128.0	47173.0	48762.0	48437.0	51797.0	53498.0	59584.0	64678.0	77140.0	88057.0	110860.0	143034.0	211799.0	317064.0	596722.0	2138566.0	4312567.0
	19.0	20.0	21.0	22.0	23.0	24.0	25.0	26.0	27.0	28.0	29.0	30.0	31.0	32.0	33.0	34.0	35.0	36.0	37.0	38.0	39.0	40.0
Sin-APnd_017-Ex1-5F-lcwgs-1-1.clmp.r1	1.0	479.0	6406.0	14328.0	20253.0	26401.0	29878.0	34227.0	37866.0	44973.0	51578.0	62927.0	73696.0	93338.0	113594.0	150975.0	204159.0	312577.0	469789.0	871795.0	3246387.0	4760152.0
	19.0	20.0	21.0	22.0	23.0	24.0	25.0	26.0	27.0	28.0	29.0	30.0	31.0	32.0	33.0	34.0	35.0	36.0	37.0	38.0	39.0	40.0
Sin-APnd_017-Ex1-5F-lcwgs-1-1.clmp.r2	23.0	2985.0	22578.0	43612.0	52653.0	58714.0	58522.0	61036.0	60513.0	65331.0	67640.0	76626.0	82661.0	98560.0	113542.0	142104.0	182473.0	272034.0	405787.0	767475.0	2773200.0	5217710.0
	20.0	21.0	22.0	23.0	24.0	25.0	26.0	27.0	28.0	29.0	30.0	31.0	32.0	33.0	34.0	35.0	36.0	37.0	38.0	39.0	40.0
Sin-APnd_018-Ex1-5G-lcwgs-1-1.clmp.r1	720.0	10337.0	24198.0	34421.0	44722.0	50686.0	58140.0	63671.0	77179.0	88316.0	107007.0	125687.0	161138.0	196920.0	262108.0	354337.0	543473.0	820754.0	1533493.0	5783396.0	8679915.0
	19.0	20.0	21.0	22.0	23.0	24.0	25.0	26.0	27.0	28.0	29.0	30.0	31.0	32.0	33.0	34.0	35.0	36.0	37.0	38.0	39.0	40.0
Sin-APnd_018-Ex1-5G-lcwgs-1-1.clmp.r2	47.0	4857.0	36329.0	71027.0	86448.0	96693.0	96413.0	100154.0	100144.0	108675.0	114217.0	127677.0	139956.0	167306.0	192735.0	242562.0	313396.0	469178.0	708509.0	1353431.0	5004783.0	9486081.0
	20.0	21.0	22.0	23.0	24.0	25.0	26.0	27.0	28.0	29.0	30.0	31.0	32.0	33.0	34.0	35.0	36.0	37.0	38.0	39.0	40.0
Sin-APnd_019-Ex1-5H-lcwgs-1-1.clmp.r1	519.0	7741.0	18751.0	27520.0	35705.0	40790.0	46725.0	51844.0	62416.0	71231.0	86703.0	101527.0	129241.0	157774.0	208746.0	281134.0	429099.0	641146.0	1181464.0	4382518.0	6318096.0
	19.0	20.0	21.0	22.0	23.0	24.0	25.0	26.0	27.0	28.0	29.0	30.0	31.0	32.0	33.0	34.0	35.0	36.0	37.0	38.0	39.0	40.0
Sin-APnd_019-Ex1-5H-lcwgs-1-1.clmp.r2	36.0	4170.0	29819.0	57972.0	69795.0	77796.0	78412.0	81785.0	81930.0	88187.0	92371.0	103098.0	112329.0	134537.0	155207.0	194388.0	249046.0	369105.0	552964.0	1046889.0	3827554.0	6873300.0
	19.0	20.0	21.0	22.0	23.0	24.0	25.0	26.0	27.0	28.0	29.0	30.0	31.0	32.0	33.0	34.0	35.0	36.0	37.0	38.0	39.0	40.0
Sin-APnd_020-Ex1-6A-lcwgs-1-1.clmp.r1	1.0	691.0	9458.0	23217.0	32290.0	41585.0	45409.0	50829.0	54817.0	65305.0	75467.0	90952.0	106643.0	134855.0	162960.0	212937.0	284039.0	430850.0	634139.0	1143477.0	4085758.0	5684715.0
	19.0	20.0	21.0	22.0	23.0	24.0	25.0	26.0	27.0	28.0	29.0	30.0	31.0	32.0	33.0	34.0	35.0	36.0	37.0	38.0	39.0	40.0
Sin-APnd_020-Ex1-6A-lcwgs-1-1.clmp.r2	38.0	4697.0	35554.0	70984.0	86837.0	96165.0	95027.0	96108.0	93004.0	99261.0	102133.0	112475.0	120894.0	142239.0	161014.0	199308.0	252106.0	367010.0	540614.0	999910.0	3508261.0	6186755.0
	20.0	21.0	22.0	23.0	24.0	25.0	26.0	27.0	28.0	29.0	30.0	31.0	32.0	33.0	34.0	35.0	36.0	37.0	38.0	39.0	40.0
Sin-APnd_021-Ex1-6B-lcwgs-1-1.clmp.r1	1122.0	17186.0	41006.0	53969.0	62763.0	64445.0	69667.0	74537.0	88134.0	100695.0	121511.0	143356.0	182120.0	222295.0	294162.0	394994.0	604139.0	898291.0	1610226.0	5510147.0	7042033.0
	19.0	20.0	21.0	22.0	23.0	24.0	25.0	26.0	27.0	28.0	29.0	30.0	31.0	32.0	33.0	34.0	35.0	36.0	37.0	38.0	39.0	40.0
Sin-APnd_021-Ex1-6B-lcwgs-1-1.clmp.r2	70.0	7492.0	54465.0	97964.0	110709.0	118071.0	115929.0	119166.0	116918.0	125399.0	130163.0	144853.0	157312.0	186520.0	213595.0	268563.0	343183.0	504097.0	757062.0	1427498.0	4904617.0	7693152.0
	20.0	21.0	22.0	23.0	24.0	25.0	26.0	27.0	28.0	29.0	30.0	31.0	32.0	33.0	34.0	35.0	36.0	37.0	38.0	39.0	40.0
Sin-APnd_022-Ex1-6C-lcwgs-1-1.clmp.r1	479.0	7134.0	16415.0	21860.0	26587.0	28999.0	32153.0	35026.0	41453.0	47652.0	58295.0	68576.0	87720.0	107424.0	143382.0	194008.0	296814.0	445412.0	812142.0	2885590.0	3774165.0
	19.0	20.0	21.0	22.0	23.0	24.0	25.0	26.0	27.0	28.0	29.0	30.0	31.0	32.0	33.0	34.0	35.0	36.0	37.0	38.0	39.0	40.0
Sin-APnd_022-Ex1-6C-lcwgs-1-1.clmp.r2	32.0	3340.0	25070.0	45600.0	52890.0	57340.0	56215.0	58466.0	57694.0	61766.0	64889.0	72043.0	78408.0	93071.0	107860.0	134328.0	172654.0	255297.0	383880.0	730370.0	2541689.0	4078384.0
	20.0	21.0	22.0	23.0	24.0	25.0	26.0	27.0	28.0	29.0	30.0	31.0	32.0	33.0	34.0	35.0	36.0	37.0	38.0	39.0	40.0
Sin-APnd_023-Ex1-6D-lcwgs-1-1.clmp.r1	737.0	10972.0	24862.0	32410.0	40013.0	44038.0	49357.0	54154.0	65190.0	74777.0	91139.0	106894.0	134833.0	165388.0	216667.0	290641.0	438829.0	649342.0	1162849.0	4133265.0	5656361.0
	19.0	20.0	21.0	22.0	23.0	24.0	25.0	26.0	27.0	28.0	29.0	30.0	31.0	32.0	33.0	34.0	35.0	36.0	37.0	38.0	39.0	40.0
Sin-APnd_023-Ex1-6D-lcwgs-1-1.clmp.r2	35.0	5617.0	41337.0	76543.0	87306.0	93285.0	91178.0	93545.0	91413.0	97842.0	100770.0	112026.0	121333.0	142637.0	162755.0	202583.0	257110.0	375010.0	559849.0	1058975.0	3779609.0	5891960.0
	20.0	21.0	22.0	23.0	24.0	25.0	26.0	27.0	28.0	29.0	30.0	31.0	32.0	33.0	34.0	35.0	36.0	37.0	38.0	39.0	40.0
Sin-APnd_024-Ex1-6E-lcwgs-1-1.clmp.r1	193.0	2817.0	5855.0	7388.0	8941.0	9739.0	10755.0	11765.0	14014.0	15879.0	19549.0	23090.0	28851.0	35672.0	47439.0	64599.0	98584.0	148779.0	277277.0	1019110.0	1359416.0
	19.0	20.0	21.0	22.0	23.0	24.0	25.0	26.0	27.0	28.0	29.0	30.0	31.0	32.0	33.0	34.0	35.0	36.0	37.0	38.0	39.0	40.0
Sin-APnd_024-Ex1-6E-lcwgs-1-1.clmp.r2	7.0	1087.0	8544.0	15579.0	17728.0	19436.0	18894.0	19236.0	18845.0	20688.0	21076.0	23541.0	25505.0	30538.0	35047.0	43555.0	56023.0	83762.0	126452.0	238875.0	869134.0	1516160.0
	20.0	21.0	22.0	23.0	24.0	25.0	26.0	27.0	28.0	29.0	30.0	31.0	32.0	33.0	34.0	35.0	36.0	37.0	38.0	39.0	40.0
Sin-APnd_025-Ex1-6F-lcwgs-1-1.clmp.r1	857.0	13351.0	28883.0	38024.0	48493.0	52865.0	59582.0	64958.0	78035.0	89808.0	108570.0	127538.0	162662.0	199846.0	267636.0	363932.0	564412.0	859546.0	1600181.0	6017109.0	8526259.0
	19.0	20.0	21.0	22.0	23.0	24.0	25.0	26.0	27.0	28.0	29.0	30.0	31.0	32.0	33.0	34.0	35.0	36.0	37.0	38.0	39.0	40.0
Sin-APnd_025-Ex1-6F-lcwgs-1-1.clmp.r2	66.0	5959.0	45009.0	83148.0	96801.0	105495.0	104326.0	107825.0	107418.0	115558.0	120712.0	134541.0	147363.0	174784.0	201640.0	253496.0	326790.0	487433.0	741337.0	1418143.0	5236443.0	9258260.0
	21.0	22.0	23.0	24.0	25.0	26.0	27.0	28.0	29.0	30.0	31.0	32.0	33.0	34.0	35.0	36.0	37.0	38.0	39.0	40.0
Sin-CPnd_010-Ex1-2F-lcwgs-1-1.clmp.r1	1.0	0.0	1.0	0.0	2.0	1.0	5.0	5.0	0.0	2.0	5.0	7.0	5.0	12.0	17.0	20.0	52.0	88.0	294.0	412.0
	22.0	23.0	24.0	25.0	26.0	27.0	28.0	29.0	30.0	31.0	32.0	33.0	34.0	35.0	36.0	37.0	38.0	39.0	40.0
Sin-CPnd_010-Ex1-2F-lcwgs-1-1.clmp.r2	3.0	1.0	1.0	2.0	3.0	5.0	9.0	4.0	6.0	4.0	4.0	11.0	11.0	17.0	18.0	33.0	68.0	278.0	451.0
	21.0	22.0	23.0	24.0	25.0	26.0	27.0	28.0	29.0	30.0	31.0	32.0	33.0	34.0	35.0	36.0	37.0	38.0	39.0	40.0
Sin-CPnd_011-Ex1-10H-lcwgs-1-1.clmp.r1	1.0	1.0	2.0	3.0	6.0	4.0	2.0	2.0	7.0	11.0	8.0	9.0	23.0	25.0	29.0	56.0	86.0	179.0	581.0	816.0
	21.0	22.0	23.0	24.0	25.0	26.0	27.0	28.0	29.0	30.0	31.0	32.0	33.0	34.0	35.0	36.0	37.0	38.0	39.0	40.0
Sin-CPnd_011-Ex1-10H-lcwgs-1-1.clmp.r2	3.0	2.0	10.0	6.0	8.0	2.0	9.0	7.0	16.0	7.0	15.0	15.0	16.0	22.0	32.0	47.0	75.0	145.0	519.0	895.0
	21.0	22.0	23.0	24.0	25.0	26.0	27.0	28.0	29.0	30.0	31.0	32.0	33.0	34.0	35.0	36.0	37.0	38.0	39.0	40.0
Sin-CPnd_012-Ex1-2G-lcwgs-1-1.clmp.r1	1.0	0.0	1.0	4.0	2.0	2.0	1.0	5.0	1.0	5.0	5.0	8.0	8.0	10.0	15.0	23.0	57.0	93.0	303.0	294.0
	20.0	21.0	22.0	23.0	24.0	25.0	26.0	27.0	28.0	29.0	30.0	31.0	32.0	33.0	34.0	35.0	36.0	37.0	38.0	39.0	40.0
Sin-CPnd_012-Ex1-2G-lcwgs-1-1.clmp.r2	1.0	2.0	6.0	1.0	2.0	2.0	0.0	5.0	3.0	12.0	4.0	9.0	4.0	7.0	11.0	25.0	17.0	33.0	85.0	240.0	369.0
	20.0	21.0	22.0	23.0	24.0	25.0	26.0	27.0	28.0	29.0	30.0	31.0	32.0	33.0	34.0	35.0	36.0	37.0	38.0	39.0	40.0
Sin-CPnd_013-Ex1-4E-lcwgs-1-1.clmp.r1	1.0	14.0	26.0	34.0	37.0	61.0	58.0	83.0	112.0	113.0	150.0	197.0	226.0	301.0	429.0	659.0	1210.0	1968.0	3364.0	8278.0	9666.0
	20.0	21.0	22.0	23.0	24.0	25.0	26.0	27.0	28.0	29.0	30.0	31.0	32.0	33.0	34.0	35.0	36.0	37.0	38.0	39.0	40.0
Sin-CPnd_013-Ex1-4E-lcwgs-1-1.clmp.r2	12.0	53.0	102.0	127.0	136.0	113.0	125.0	135.0	163.0	168.0	195.0	212.0	239.0	291.0	437.0	627.0	980.0	1641.0	3243.0	7708.0	10280.0
	23.0	24.0	25.0	26.0	27.0	28.0	29.0	30.0	31.0	32.0	33.0	34.0	35.0	36.0	37.0	38.0	39.0	40.0
Sin-CPnd_014-Ex1-3F-lcwgs-1-1.clmp.r1	1.0	2.0	1.0	0.0	0.0	1.0	1.0	1.0	2.0	2.0	4.0	4.0	4.0	9.0	15.0	40.0	86.0	119.0
	23.0	24.0	25.0	26.0	27.0	28.0	29.0	30.0	31.0	32.0	33.0	34.0	35.0	36.0	37.0	38.0	39.0	40.0
Sin-CPnd_014-Ex1-3F-lcwgs-1-1.clmp.r2	2.0	0.0	3.0	1.0	1.0	1.0	0.0	2.0	5.0	1.0	1.0	1.0	5.0	4.0	8.0	43.0	83.0	131.0
	21.0	22.0	23.0	24.0	25.0	26.0	27.0	28.0	29.0	30.0	31.0	32.0	33.0	34.0	35.0	36.0	37.0	38.0	39.0	40.0
Sin-CPnd_015-Ex1-4A-lcwgs-1-1.clmp.r1	6.0	18.0	30.0	37.0	45.0	68.0	60.0	102.0	111.0	141.0	175.0	235.0	306.0	473.0	695.0	1075.0	1821.0	3096.0	8111.0	9574.0
	20.0	21.0	22.0	23.0	24.0	25.0	26.0	27.0	28.0	29.0	30.0	31.0	32.0	33.0	34.0	35.0	36.0	37.0	38.0	39.0	40.0
Sin-CPnd_015-Ex1-4A-lcwgs-1-1.clmp.r2	18.0	64.0	88.0	88.0	99.0	120.0	146.0	115.0	151.0	150.0	205.0	212.0	262.0	328.0	426.0	604.0	950.0	1484.0	3048.0	7375.0	10246.0
	21.0	22.0	23.0	24.0	25.0	26.0	27.0	28.0	29.0	30.0	31.0	32.0	33.0	34.0	35.0	36.0	37.0	38.0	39.0
Sin-CPnd_016-Ex1-1E-lcwgs-1-1.clmp.r1	1.0	0.0	0.0	0.0	1.0	0.0	0.0	0.0	0.0	0.0	0.0	0.0	0.0	0.0	0.0	0.0	1.0	2.0	6.0
	25.0	26.0	27.0	28.0	29.0	30.0	31.0	32.0	33.0	34.0	35.0	36.0	37.0	38.0	39.0	40.0
Sin-CPnd_016-Ex1-1E-lcwgs-1-1.clmp.r2	1.0	0.0	1.0	0.0	0.0	0.0	0.0	0.0	0.0	0.0	0.0	0.0	1.0	2.0	4.0	2.0
	25.0	26.0	27.0	28.0	29.0	30.0	31.0	32.0	33.0	34.0	35.0	36.0	37.0	38.0	39.0	40.0
Sin-CPnd_017-Ex1-4G-lcwgs-1-1.clmp.r1	3.0	3.0	6.0	2.0	3.0	5.0	4.0	5.0	13.0	18.0	27.0	48.0	80.0	125.0	365.0	467.0
	21.0	22.0	23.0	24.0	25.0	26.0	27.0	28.0	29.0	30.0	31.0	32.0	33.0	34.0	35.0	36.0	37.0	38.0	39.0	40.0
Sin-CPnd_017-Ex1-4G-lcwgs-1-1.clmp.r2	2.0	1.0	2.0	7.0	6.0	3.0	0.0	6.0	14.0	11.0	13.0	13.0	12.0	16.0	31.0	34.0	68.0	130.0	272.0	533.0
	20.0	21.0	22.0	23.0	24.0	25.0	26.0	27.0	28.0	29.0	30.0	31.0	32.0	33.0	34.0	35.0	36.0	37.0	38.0	39.0	40.0
Sin-CPnd_018-Ex1-11A-lcwgs-1-1.clmp.r1	1.0	13.0	22.0	23.0	42.0	45.0	53.0	55.0	59.0	76.0	96.0	127.0	170.0	226.0	312.0	497.0	784.0	1245.0	2322.0	6351.0	8110.0
	19.0	20.0	21.0	22.0	23.0	24.0	25.0	26.0	27.0	28.0	29.0	30.0	31.0	32.0	33.0	34.0	35.0	36.0	37.0	38.0	39.0	40.0
Sin-CPnd_018-Ex1-11A-lcwgs-1-1.clmp.r2	1.0	6.0	55.0	72.0	74.0	93.0	99.0	94.0	106.0	111.0	139.0	161.0	158.0	177.0	232.0	331.0	422.0	638.0	1107.0	2182.0	5972.0	8399.0
	20.0	21.0	22.0	23.0	24.0	25.0	26.0	27.0	28.0	29.0	30.0	31.0	32.0	33.0	34.0	35.0	36.0	37.0	38.0	39.0	40.0
Sin-CPnd_019-Ex1-1H-lcwgs-1-1.clmp.r1	1.0	13.0	30.0	30.0	44.0	46.0	78.0	73.0	91.0	118.0	137.0	180.0	222.0	311.0	422.0	651.0	1017.0	1642.0	3164.0	10837.0	14660.0
	20.0	21.0	22.0	23.0	24.0	25.0	26.0	27.0	28.0	29.0	30.0	31.0	32.0	33.0	34.0	35.0	36.0	37.0	38.0	39.0	40.0
Sin-CPnd_019-Ex1-1H-lcwgs-1-1.clmp.r2	11.0	64.0	108.0	119.0	126.0	145.0	147.0	133.0	171.0	182.0	215.0	212.0	282.0	375.0	456.0	625.0	904.0	1516.0	3049.0	9762.0	15165.0
	21.0	22.0	23.0	24.0	25.0	26.0	27.0	28.0	29.0	30.0	31.0	32.0	33.0	34.0	35.0	36.0	37.0	38.0	39.0	40.0
Sin-CPnd_020-Ex1-12E-lcwgs-1-1.clmp.r1	7.0	5.0	11.0	11.0	14.0	17.0	18.0	19.0	26.0	43.0	44.0	59.0	66.0	121.0	144.0	323.0	476.0	904.0	2129.0	2087.0
	20.0	21.0	22.0	23.0	24.0	25.0	26.0	27.0	28.0	29.0	30.0	31.0	32.0	33.0	34.0	35.0	36.0	37.0	38.0	39.0	40.0
Sin-CPnd_020-Ex1-12E-lcwgs-1-1.clmp.r2	3.0	14.0	20.0	38.0	28.0	31.0	19.0	31.0	37.0	29.0	49.0	43.0	53.0	77.0	95.0	158.0	235.0	428.0	845.0	2048.0	2243.0
	20.0	21.0	22.0	23.0	24.0	25.0	26.0	27.0	28.0	29.0	30.0	31.0	32.0	33.0	34.0	35.0	36.0	37.0	38.0	39.0	40.0
Sin-CPnd_021-Ex1-3D-lcwgs-1-1.clmp.r1	27.0	389.0	1000.0	1495.0	2166.0	2495.0	3113.0	3520.0	4596.0	5256.0	6771.0	8377.0	11365.0	14426.0	20497.0	30280.0	51683.0	84977.0	153358.0	429287.0	574903.0
	19.0	20.0	21.0	22.0	23.0	24.0	25.0	26.0	27.0	28.0	29.0	30.0	31.0	32.0	33.0	34.0	35.0	36.0	37.0	38.0	39.0	40.0
Sin-CPnd_021-Ex1-3D-lcwgs-1-1.clmp.r2	3.0	441.0	2478.0	4252.0	4818.0	5592.0	5642.0	6161.0	6227.0	7176.0	7681.0	8750.0	9856.0	12393.0	14735.0	19997.0	27140.0	42067.0	69512.0	141838.0	394254.0	618968.0
	20.0	21.0	22.0	23.0	24.0	25.0	26.0	27.0	28.0	29.0	30.0	31.0	32.0	33.0	34.0	35.0	36.0	37.0	38.0	39.0	40.0
Sin-CPnd_022-Ex1-1D-lcwgs-1-1.clmp.r1	1.0	23.0	17.0	36.0	42.0	47.0	72.0	76.0	97.0	102.0	140.0	158.0	254.0	332.0	463.0	690.0	1277.0	2095.0	3561.0	7858.0	7972.0
	20.0	21.0	22.0	23.0	24.0	25.0	26.0	27.0	28.0	29.0	30.0	31.0	32.0	33.0	34.0	35.0	36.0	37.0	38.0	39.0	40.0
Sin-CPnd_022-Ex1-1D-lcwgs-1-1.clmp.r2	13.0	61.0	124.0	117.0	110.0	125.0	112.0	124.0	141.0	168.0	194.0	221.0	274.0	373.0	447.0	653.0	1080.0	1735.0	3485.0	7583.0	8173.0
	21.0	22.0	23.0	24.0	25.0	26.0	27.0	28.0	29.0	30.0	31.0	32.0	33.0	34.0	35.0	36.0	37.0	38.0	39.0	40.0
Sin-CPnd_023-Ex1-12B-lcwgs-1-1.clmp.r1	9.0	16.0	15.0	25.0	21.0	26.0	27.0	40.0	41.0	60.0	55.0	91.0	113.0	149.0	247.0	333.0	550.0	1008.0	2903.0	3921.0
	20.0	21.0	22.0	23.0	24.0	25.0	26.0	27.0	28.0	29.0	30.0	31.0	32.0	33.0	34.0	35.0	36.0	37.0	38.0	39.0	40.0
Sin-CPnd_023-Ex1-12B-lcwgs-1-1.clmp.r2	4.0	25.0	40.0	39.0	44.0	39.0	47.0	58.0	42.0	75.0	56.0	64.0	82.0	100.0	145.0	188.0	275.0	458.0	901.0	2618.0	4350.0
	20.0	21.0	22.0	23.0	24.0	25.0	26.0	27.0	28.0	29.0	30.0	31.0	32.0	33.0	34.0	35.0	36.0	37.0	38.0	39.0	40.0
Sin-CPnd_024-Ex1-12C-lcwgs-1-1.clmp.r1	5.0	31.0	68.0	77.0	126.0	147.0	203.0	211.0	226.0	319.0	397.0	468.0	638.0	796.0	1123.0	1797.0	2687.0	4474.0	8525.0	27468.0	38076.0
	20.0	21.0	22.0	23.0	24.0	25.0	26.0	27.0	28.0	29.0	30.0	31.0	32.0	33.0	34.0	35.0	36.0	37.0	38.0	39.0	40.0
Sin-CPnd_024-Ex1-12C-lcwgs-1-1.clmp.r2	22.0	119.0	262.0	259.0	314.0	310.0	371.0	342.0	388.0	416.0	491.0	580.0	699.0	849.0	1153.0	1500.0	2340.0	3821.0	7770.0	24096.0	41760.0
	21.0	22.0	23.0	24.0	25.0	26.0	27.0	28.0	29.0	30.0	31.0	32.0	33.0	34.0	35.0	36.0	37.0	38.0	39.0	40.0
Sin-CPnd_025-Ex1-3B-lcwgs-1-1.clmp.r1	6.0	5.0	9.0	7.0	19.0	24.0	29.0	30.0	24.0	47.0	40.0	80.0	76.0	123.0	195.0	299.0	456.0	942.0	2877.0	4257.0
	20.0	21.0	22.0	23.0	24.0	25.0	26.0	27.0	28.0	29.0	30.0	31.0	32.0	33.0	34.0	35.0	36.0	37.0	38.0	39.0	40.0
Sin-CPnd_025-Ex1-3B-lcwgs-1-1.clmp.r2	2.0	15.0	29.0	33.0	43.0	30.0	44.0	45.0	51.0	52.0	55.0	59.0	54.0	100.0	127.0	171.0	253.0	409.0	823.0	2524.0	4626.0
	24.0	25.0	26.0	27.0	28.0	29.0	30.0	31.0	32.0	33.0	34.0	35.0	36.0	37.0	38.0	39.0	40.0
Sin-CPnd_026-Ex1-1G-lcwgs-1-1.clmp.r1	2.0	0.0	0.0	3.0	2.0	2.0	0.0	5.0	4.0	5.0	9.0	19.0	20.0	34.0	62.0	93.0	46.0
	21.0	22.0	23.0	24.0	25.0	26.0	27.0	28.0	29.0	30.0	31.0	32.0	33.0	34.0	35.0	36.0	37.0	38.0	39.0	40.0
Sin-CPnd_026-Ex1-1G-lcwgs-1-1.clmp.r2	2.0	0.0	2.0	4.0	2.0	4.0	3.0	2.0	2.0	5.0	3.0	3.0	4.0	7.0	16.0	19.0	25.0	53.0	109.0	41.0
	24.0	25.0	26.0	27.0	28.0	29.0	30.0	31.0	32.0	33.0	34.0	35.0	36.0	37.0	38.0	39.0	40.0
Sin-CPnd_027-Ex1-3A-lcwgs-1-1.clmp.r1	1.0	0.0	1.0	0.0	0.0	0.0	1.0	4.0	0.0	3.0	2.0	8.0	9.0	13.0	20.0	52.0	60.0
	23.0	24.0	25.0	26.0	27.0	28.0	29.0	30.0	31.0	32.0	33.0	34.0	35.0	36.0	37.0	38.0	39.0	40.0
Sin-CPnd_027-Ex1-3A-lcwgs-1-1.clmp.r2	2.0	2.0	1.0	0.0	2.0	1.0	2.0	2.0	3.0	2.0	5.0	3.0	3.0	6.0	4.0	20.0	56.0	60.0
	21.0	22.0	23.0	24.0	25.0	26.0	27.0	28.0	29.0	30.0	31.0	32.0	33.0	34.0	35.0	36.0	37.0	38.0	39.0	40.0
Sin-CPnd_028-Ex1-12H-lcwgs-1-1.clmp.r1	1.0	7.0	3.0	7.0	6.0	15.0	9.0	13.0	11.0	11.0	22.0	22.0	36.0	29.0	64.0	88.0	119.0	234.0	839.0	1116.0
	20.0	21.0	22.0	23.0	24.0	25.0	26.0	27.0	28.0	29.0	30.0	31.0	32.0	33.0	34.0	35.0	36.0	37.0	38.0	39.0	40.0
Sin-CPnd_028-Ex1-12H-lcwgs-1-1.clmp.r2	1.0	2.0	10.0	14.0	12.0	13.0	12.0	14.0	9.0	22.0	22.0	14.0	28.0	35.0	41.0	48.0	76.0	113.0	256.0	712.0	1198.0
	20.0	21.0	22.0	23.0	24.0	25.0	26.0	27.0	28.0	29.0	30.0	31.0	32.0	33.0	34.0	35.0	36.0	37.0	38.0	39.0	40.0
Sin-CPnd_029-Ex1-4D-lcwgs-1-1.clmp.r1	1.0	15.0	35.0	44.0	52.0	60.0	88.0	79.0	114.0	115.0	164.0	223.0	276.0	364.0	552.0	745.0	1395.0	2348.0	3932.0	10028.0	11542.0
	20.0	21.0	22.0	23.0	24.0	25.0	26.0	27.0	28.0	29.0	30.0	31.0	32.0	33.0	34.0	35.0	36.0	37.0	38.0	39.0	40.0
Sin-CPnd_029-Ex1-4D-lcwgs-1-1.clmp.r2	17.0	79.0	116.0	138.0	117.0	152.0	123.0	135.0	175.0	191.0	199.0	234.0	333.0	341.0	527.0	738.0	1155.0	1883.0	3804.0	9337.0	12378.0
	21.0	22.0	23.0	24.0	25.0	26.0	27.0	28.0	29.0	30.0	31.0	32.0	33.0	34.0	35.0	36.0	37.0	38.0	39.0	40.0
Sin-CPnd_030-Ex1-10B-lcwgs-1-1.clmp.r1	3.0	5.0	4.0	12.0	8.0	7.0	16.0	16.0	18.0	34.0	26.0	33.0	41.0	62.0	73.0	135.0	246.0	406.0	1292.0	1683.0
	20.0	21.0	22.0	23.0	24.0	25.0	26.0	27.0	28.0	29.0	30.0	31.0	32.0	33.0	34.0	35.0	36.0	37.0	38.0	39.0	40.0
Sin-CPnd_030-Ex1-10B-lcwgs-1-1.clmp.r2	2.0	8.0	19.0	16.0	23.0	18.0	25.0	21.0	28.0	22.0	25.0	27.0	36.0	45.0	50.0	86.0	103.0	187.0	352.0	1154.0	1873.0
	21.0	22.0	23.0	24.0	25.0	26.0	27.0	28.0	29.0	30.0	31.0	32.0	33.0	34.0	35.0	36.0	37.0	38.0	39.0	40.0
Sin-CPnd_031-Ex1-3G-lcwgs-1-1.clmp.r1	13.0	19.0	34.0	38.0	40.0	63.0	57.0	84.0	104.0	144.0	170.0	233.0	279.0	407.0	688.0	1181.0	1934.0	3355.0	8820.0	11576.0
	20.0	21.0	22.0	23.0	24.0	25.0	26.0	27.0	28.0	29.0	30.0	31.0	32.0	33.0	34.0	35.0	36.0	37.0	38.0	39.0	40.0
Sin-CPnd_031-Ex1-3G-lcwgs-1-1.clmp.r2	20.0	61.0	87.0	95.0	110.0	121.0	141.0	112.0	128.0	162.0	192.0	199.0	271.0	343.0	438.0	571.0	952.0	1505.0	3319.0	8164.0	12248.0
	21.0	22.0	23.0	24.0	25.0	26.0	27.0	28.0	29.0	30.0	31.0	32.0	33.0	34.0	35.0	36.0	37.0	38.0	39.0	40.0
Sin-CPnd_032-Ex1-3E-lcwgs-1-1.clmp.r1	3.0	6.0	11.0	9.0	20.0	10.0	15.0	23.0	21.0	46.0	46.0	74.0	75.0	117.0	195.0	298.0	523.0	1015.0	2288.0	2669.0
	20.0	21.0	22.0	23.0	24.0	25.0	26.0	27.0	28.0	29.0	30.0	31.0	32.0	33.0	34.0	35.0	36.0	37.0	38.0	39.0	40.0
Sin-CPnd_032-Ex1-3E-lcwgs-1-1.clmp.r2	3.0	9.0	23.0	24.0	27.0	24.0	38.0	33.0	37.0	25.0	49.0	61.0	86.0	71.0	127.0	160.0	281.0	441.0	916.0	2209.0	2820.0
	20.0	21.0	22.0	23.0	24.0	25.0	26.0	27.0	28.0	29.0	30.0	31.0	32.0	33.0	34.0	35.0	36.0	37.0	38.0	39.0	40.0
Sin-CPnd_033-Ex1-1B-lcwgs-1-1.clmp.r1	13.0	273.0	511.0	717.0	873.0	1071.0	1380.0	1630.0	2041.0	2601.0	3313.0	4101.0	5910.0	7945.0	11274.0	17998.0	32370.0	54842.0	87105.0	151639.0	125016.0
	19.0	20.0	21.0	22.0	23.0	24.0	25.0	26.0	27.0	28.0	29.0	30.0	31.0	32.0	33.0	34.0	35.0	36.0	37.0	38.0	39.0	40.0
Sin-CPnd_033-Ex1-1B-lcwgs-1-1.clmp.r2	4.0	370.0	1819.0	2546.0	2619.0	2827.0	2775.0	2956.0	2961.0	3388.0	3805.0	4446.0	5291.0	6542.0	8249.0	11538.0	16503.0	25741.0	42575.0	85889.0	155029.0	124750.0
	21.0	22.0	23.0	24.0	25.0	26.0	27.0	28.0	29.0	30.0	31.0	32.0	33.0	34.0	35.0	36.0	37.0	38.0	39.0	40.0
Sin-CPnd_034-Ex1-3C-lcwgs-1-1.clmp.r1	3.0	10.0	5.0	17.0	19.0	23.0	30.0	36.0	29.0	53.0	53.0	89.0	126.0	173.0	241.0	442.0	711.0	1348.0	3808.0	4719.0
	20.0	21.0	22.0	23.0	24.0	25.0	26.0	27.0	28.0	29.0	30.0	31.0	32.0	33.0	34.0	35.0	36.0	37.0	38.0	39.0	40.0
Sin-CPnd_034-Ex1-3C-lcwgs-1-1.clmp.r2	5.0	9.0	37.0	32.0	41.0	38.0	52.0	43.0	49.0	62.0	75.0	96.0	81.0	137.0	181.0	239.0	340.0	629.0	1319.0	3540.0	4930.0
	21.0	22.0	23.0	24.0	25.0	26.0	27.0	28.0	29.0	30.0	31.0	32.0	33.0	34.0	35.0	36.0	37.0	38.0	39.0	40.0
Sin-CPnd_035-Ex1-12D-lcwgs-1-1.clmp.r1	6.0	12.0	15.0	20.0	16.0	15.0	21.0	25.0	26.0	41.0	39.0	52.0	80.0	117.0	155.0	247.0	418.0	697.0	1833.0	2045.0
	20.0	21.0	22.0	23.0	24.0	25.0	26.0	27.0	28.0	29.0	30.0	31.0	32.0	33.0	34.0	35.0	36.0	37.0	38.0	39.0	40.0
Sin-CPnd_035-Ex1-12D-lcwgs-1-1.clmp.r2	4.0	19.0	35.0	25.0	31.0	25.0	34.0	31.0	32.0	43.0	41.0	58.0	61.0	74.0	120.0	146.0	199.0	312.0	644.0	1694.0	2252.0
	23.0	24.0	25.0	26.0	27.0	28.0	29.0	30.0	31.0	32.0	33.0	34.0	35.0	36.0	37.0	38.0	39.0	40.0
Sin-CPnd_037-Ex1-4F-lcwgs-1-1.clmp.r1	1.0	0.0	0.0	0.0	0.0	1.0	1.0	0.0	0.0	0.0	1.0	2.0	4.0	5.0	4.0	9.0	22.0	39.0
	22.0	23.0	24.0	25.0	26.0	27.0	28.0	29.0	30.0	31.0	32.0	33.0	34.0	35.0	36.0	37.0	38.0	39.0	40.0
Sin-CPnd_037-Ex1-4F-lcwgs-1-1.clmp.r2	1.0	0.0	1.0	0.0	0.0	0.0	0.0	1.0	0.0	2.0	1.0	0.0	2.0	3.0	2.0	4.0	13.0	26.0	33.0
	21.0	22.0	23.0	24.0	25.0	26.0	27.0	28.0	29.0	30.0	31.0	32.0	33.0	34.0	35.0	36.0	37.0	38.0	39.0	40.0
Sin-CPnd_038-Ex1-11C-lcwgs-1-1.clmp.r1	7.0	7.0	13.0	21.0	14.0	17.0	31.0	33.0	48.0	33.0	45.0	70.0	92.0	108.0	158.0	290.0	426.0	840.0	2468.0	3089.0
	21.0	22.0	23.0	24.0	25.0	26.0	27.0	28.0	29.0	30.0	31.0	32.0	33.0	34.0	35.0	36.0	37.0	38.0	39.0	40.0
Sin-CPnd_038-Ex1-11C-lcwgs-1-1.clmp.r2	13.0	23.0	44.0	37.0	39.0	44.0	39.0	49.0	46.0	50.0	56.0	77.0	85.0	105.0	174.0	204.0	353.0	783.0	2205.0	3384.0
	21.0	22.0	23.0	24.0	25.0	26.0	27.0	28.0	29.0	30.0	31.0	32.0	33.0	34.0	35.0	36.0	37.0	38.0	39.0	40.0
Sin-CPnd_039-Ex1-10F-lcwgs-1-1.clmp.r1	3.0	2.0	2.0	11.0	11.0	11.0	15.0	8.0	14.0	15.0	26.0	42.0	36.0	46.0	82.0	153.0	212.0	405.0	1279.0	1498.0
	20.0	21.0	22.0	23.0	24.0	25.0	26.0	27.0	28.0	29.0	30.0	31.0	32.0	33.0	34.0	35.0	36.0	37.0	38.0	39.0	40.0
Sin-CPnd_039-Ex1-10F-lcwgs-1-1.clmp.r2	1.0	4.0	22.0	18.0	14.0	19.0	19.0	18.0	21.0	15.0	35.0	25.0	42.0	45.0	50.0	77.0	120.0	193.0	360.0	1078.0	1695.0
	21.0	22.0	23.0	24.0	25.0	26.0	27.0	28.0	29.0	30.0	31.0	32.0	33.0	34.0	35.0	36.0	37.0	38.0	39.0	40.0
Sin-CPnd_040-Ex1-11E-lcwgs-1-1.clmp.r1	3.0	7.0	9.0	14.0	20.0	24.0	16.0	23.0	22.0	50.0	53.0	82.0	82.0	120.0	201.0	327.0	509.0	866.0	2089.0	1985.0
	20.0	21.0	22.0	23.0	24.0	25.0	26.0	27.0	28.0	29.0	30.0	31.0	32.0	33.0	34.0	35.0	36.0	37.0	38.0	39.0	40.0
Sin-CPnd_040-Ex1-11E-lcwgs-1-1.clmp.r2	3.0	21.0	36.0	30.0	30.0	44.0	36.0	29.0	39.0	50.0	42.0	59.0	65.0	94.0	118.0	157.0	243.0	431.0	843.0	2038.0	2094.0
	21.0	22.0	23.0	24.0	25.0	26.0	27.0	28.0	29.0	30.0	31.0	32.0	33.0	34.0	35.0	36.0	37.0	38.0	39.0	40.0
Sin-CPnd_041-Ex1-1F-lcwgs-1-1.clmp.r1	2.0	9.0	8.0	8.0	7.0	8.0	14.0	12.0	22.0	20.0	25.0	31.0	40.0	67.0	85.0	161.0	273.0	493.0	1605.0	1722.0
	20.0	21.0	22.0	23.0	24.0	25.0	26.0	27.0	28.0	29.0	30.0	31.0	32.0	33.0	34.0	35.0	36.0	37.0	38.0	39.0	40.0
Sin-CPnd_041-Ex1-1F-lcwgs-1-1.clmp.r2	3.0	15.0	29.0	24.0	18.0	29.0	20.0	17.0	23.0	29.0	29.0	34.0	48.0	40.0	59.0	89.0	167.0	251.0	509.0	1613.0	1566.0
	21.0	22.0	23.0	24.0	25.0	26.0	27.0	28.0	29.0	30.0	31.0	32.0	33.0	34.0	35.0	36.0	37.0	38.0	39.0	40.0
Sin-CPnd_042-Ex1-10D-lcwgs-1-1.clmp.r1	16.0	46.0	53.0	85.0	107.0	114.0	120.0	161.0	231.0	271.0	301.0	410.0	515.0	748.0	1129.0	1957.0	3172.0	5596.0	15668.0	19354.0
	20.0	21.0	22.0	23.0	24.0	25.0	26.0	27.0	28.0	29.0	30.0	31.0	32.0	33.0	34.0	35.0	36.0	37.0	38.0	39.0	40.0
Sin-CPnd_042-Ex1-10D-lcwgs-1-1.clmp.r2	20.0	105.0	163.0	175.0	196.0	239.0	258.0	244.0	268.0	295.0	346.0	399.0	489.0	605.0	771.0	1022.0	1644.0	2651.0	5241.0	14614.0	20309.0
	21.0	22.0	23.0	24.0	25.0	26.0	27.0	28.0	29.0	30.0	31.0	32.0	33.0	34.0	35.0	36.0	37.0	38.0	39.0	40.0
Sin-CPnd_043-Ex1-1C-lcwgs-1-1.clmp.r1	7.0	7.0	10.0	8.0	14.0	14.0	21.0	13.0	42.0	31.0	34.0	78.0	74.0	121.0	183.0	343.0	543.0	942.0	2204.0	2483.0
	20.0	21.0	22.0	23.0	24.0	25.0	26.0	27.0	28.0	29.0	30.0	31.0	32.0	33.0	34.0	35.0	36.0	37.0	38.0	39.0	40.0
Sin-CPnd_043-Ex1-1C-lcwgs-1-1.clmp.r2	3.0	28.0	21.0	23.0	44.0	41.0	38.0	39.0	47.0	55.0	63.0	61.0	75.0	87.0	108.0	178.0	261.0	420.0	923.0	2184.0	2473.0
	20.0	21.0	22.0	23.0	24.0	25.0	26.0	27.0	28.0	29.0	30.0	31.0	32.0	33.0	34.0	35.0	36.0	37.0	38.0	39.0	40.0
Sin-CPnd_044-Ex1-2C-lcwgs-1-1.clmp.r1	12.0	245.0	605.0	916.0	1275.0	1614.0	1946.0	2305.0	2859.0	3278.0	4122.0	4923.0	6665.0	8757.0	11683.0	17177.0	28656.0	46550.0	90096.0	310070.0	370492.0
	19.0	20.0	21.0	22.0	23.0	24.0	25.0	26.0	27.0	28.0	29.0	30.0	31.0	32.0	33.0	34.0	35.0	36.0	37.0	38.0	39.0	40.0
Sin-CPnd_044-Ex1-2C-lcwgs-1-1.clmp.r2	2.0	227.0	1330.0	2386.0	2941.0	3418.0	3543.0	3770.0	3844.0	4261.0	4710.0	5362.0	5890.0	7328.0	8506.0	11453.0	15249.0	23903.0	39346.0	78822.0	239568.0	448387.0
	21.0	22.0	23.0	24.0	25.0	26.0	27.0	28.0	29.0	30.0	31.0	32.0	33.0	34.0	35.0	36.0	37.0	38.0	39.0	40.0
Sin-CPnd_045-Ex1-11H-lcwgs-1-1.clmp.r1	1.0	5.0	3.0	9.0	7.0	8.0	7.0	17.0	14.0	25.0	22.0	30.0	32.0	50.0	62.0	128.0	195.0	378.0	1106.0	1523.0
	20.0	21.0	22.0	23.0	24.0	25.0	26.0	27.0	28.0	29.0	30.0	31.0	32.0	33.0	34.0	35.0	36.0	37.0	38.0	39.0	40.0
Sin-CPnd_045-Ex1-11H-lcwgs-1-1.clmp.r2	2.0	4.0	8.0	11.0	23.0	15.0	17.0	24.0	27.0	13.0	22.0	26.0	35.0	35.0	58.0	69.0	91.0	166.0	308.0	1045.0	1623.0
	21.0	22.0	23.0	24.0	25.0	26.0	27.0	28.0	29.0	30.0	31.0	32.0	33.0	34.0	35.0	36.0	37.0	38.0	39.0	40.0
Sin-CPnd_049-Ex1-4C-lcwgs-1-1.clmp.r1	6.0	6.0	11.0	16.0	14.0	21.0	25.0	29.0	37.0	46.0	64.0	67.0	100.0	136.0	202.0	323.0	521.0	1007.0	2791.0	3301.0
	20.0	21.0	22.0	23.0	24.0	25.0	26.0	27.0	28.0	29.0	30.0	31.0	32.0	33.0	34.0	35.0	36.0	37.0	38.0	39.0	40.0
Sin-CPnd_049-Ex1-4C-lcwgs-1-1.clmp.r2	4.0	21.0	41.0	27.0	29.0	40.0	37.0	37.0	36.0	52.0	71.0	62.0	74.0	98.0	139.0	174.0	262.0	477.0	1001.0	2561.0	3480.0
	20.0	21.0	22.0	23.0	24.0	25.0	26.0	27.0	28.0	29.0	30.0	31.0	32.0	33.0	34.0	35.0	36.0	37.0	38.0	39.0	40.0
Sin-CPnd_050-Ex1-9B-lcwgs-1-1.clmp.r1	4.0	42.0	82.0	100.0	151.0	138.0	181.0	184.0	223.0	277.0	316.0	416.0	482.0	662.0	824.0	1158.0	1869.0	2888.0	5341.0	18043.0	23869.0
	20.0	21.0	22.0	23.0	24.0	25.0	26.0	27.0	28.0	29.0	30.0	31.0	32.0	33.0	34.0	35.0	36.0	37.0	38.0	39.0	40.0
Sin-CPnd_050-Ex1-9B-lcwgs-1-1.clmp.r2	11.0	109.0	212.0	235.0	285.0	279.0	268.0	314.0	306.0	329.0	396.0	441.0	548.0	591.0	783.0	1082.0	1512.0	2510.0	4802.0	15650.0	26587.0
	21.0	22.0	23.0	24.0	25.0	26.0	27.0	28.0	29.0	30.0	31.0	32.0	33.0	34.0	35.0	36.0	37.0	38.0	39.0	40.0
Sin-CPnd_051-Ex1-12G-lcwgs-1-1.clmp.r1	4.0	7.0	2.0	16.0	22.0	22.0	19.0	23.0	24.0	31.0	43.0	56.0	84.0	115.0	171.0	300.0	401.0	656.0	1903.0	2331.0
	20.0	21.0	22.0	23.0	24.0	25.0	26.0	27.0	28.0	29.0	30.0	31.0	32.0	33.0	34.0	35.0	36.0	37.0	38.0	39.0	40.0
Sin-CPnd_051-Ex1-12G-lcwgs-1-1.clmp.r2	1.0	18.0	25.0	34.0	36.0	25.0	38.0	28.0	40.0	33.0	36.0	52.0	57.0	77.0	97.0	133.0	212.0	333.0	676.0	1758.0	2521.0
	20.0	21.0	22.0	23.0	24.0	25.0	26.0	27.0	28.0	29.0	30.0	31.0	32.0	33.0	34.0	35.0	36.0	37.0	38.0	39.0	40.0
Sin-CPnd_053-Ex1-9G-lcwgs-1-1.clmp.r1	2.0	67.0	102.0	124.0	132.0	152.0	208.0	229.0	261.0	286.0	402.0	491.0	586.0	750.0	1006.0	1464.0	2316.0	3537.0	6710.0	21603.0	28701.0
	20.0	21.0	22.0	23.0	24.0	25.0	26.0	27.0	28.0	29.0	30.0	31.0	32.0	33.0	34.0	35.0	36.0	37.0	38.0	39.0	40.0
Sin-CPnd_053-Ex1-9G-lcwgs-1-1.clmp.r2	26.0	167.0	282.0	322.0	365.0	360.0	357.0	379.0	422.0	414.0	485.0	535.0	652.0	760.0	980.0	1233.0	1964.0	2984.0	5865.0	19068.0	31509.0
	20.0	21.0	22.0	23.0	24.0	25.0	26.0	27.0	28.0	29.0	30.0	31.0	32.0	33.0	34.0	35.0	36.0	37.0	38.0	39.0	40.0
Sin-CPnd_058-Ex1-9D-lcwgs-1-1.clmp.r1	49.0	778.0	1707.0	2164.0	2761.0	3294.0	3809.0	4417.0	5369.0	6489.0	8320.0	10024.0	13522.0	17491.0	24638.0	35560.0	60042.0	97554.0	181830.0	551672.0	681071.0
	19.0	20.0	21.0	22.0	23.0	24.0	25.0	26.0	27.0	28.0	29.0	30.0	31.0	32.0	33.0	34.0	35.0	36.0	37.0	38.0	39.0	40.0
Sin-CPnd_058-Ex1-9D-lcwgs-1-1.clmp.r2	3.0	625.0	3880.0	6180.0	6749.0	7275.0	7388.0	7726.0	7990.0	8857.0	9775.0	11087.0	12740.0	15616.0	18846.0	24772.0	33414.0	52022.0	84183.0	170197.0	511717.0	711519.0
	22.0	23.0	24.0	25.0	26.0	27.0	28.0	29.0	30.0	31.0	32.0	33.0	34.0	35.0	36.0	37.0	38.0	39.0	40.0
Sin-CPnd_060-Ex1-2H-lcwgs-1-1.clmp.r1	1.0	0.0	1.0	2.0	2.0	0.0	1.0	4.0	3.0	2.0	2.0	7.0	12.0	12.0	36.0	43.0	94.0	262.0	330.0
	20.0	21.0	22.0	23.0	24.0	25.0	26.0	27.0	28.0	29.0	30.0	31.0	32.0	33.0	34.0	35.0	36.0	37.0	38.0	39.0	40.0
Sin-CPnd_060-Ex1-2H-lcwgs-1-1.clmp.r2	1.0	0.0	3.0	2.0	4.0	3.0	1.0	3.0	6.0	2.0	4.0	5.0	8.0	9.0	9.0	6.0	28.0	36.0	76.0	236.0	372.0
	20.0	21.0	22.0	23.0	24.0	25.0	26.0	27.0	28.0	29.0	30.0	31.0	32.0	33.0	34.0	35.0	36.0	37.0	38.0	39.0	40.0
Sin-CPnd_061-Ex1-9A-lcwgs-1-1.clmp.r1	1.0	17.0	34.0	55.0	54.0	91.0	105.0	110.0	136.0	165.0	192.0	252.0	299.0	401.0	476.0	709.0	1187.0	1908.0	3511.0	10278.0	13350.0
	19.0	20.0	21.0	22.0	23.0	24.0	25.0	26.0	27.0	28.0	29.0	30.0	31.0	32.0	33.0	34.0	35.0	36.0	37.0	38.0	39.0	40.0
Sin-CPnd_061-Ex1-9A-lcwgs-1-1.clmp.r2	1.0	16.0	56.0	127.0	146.0	190.0	149.0	166.0	184.0	214.0	212.0	214.0	260.0	360.0	373.0	486.0	635.0	1016.0	1635.0	3218.0	9188.0	14485.0
	20.0	21.0	22.0	23.0	24.0	25.0	26.0	27.0	28.0	29.0	30.0	31.0	32.0	33.0	34.0	35.0	36.0	37.0	38.0	39.0	40.0
Sin-CPnd_062-Ex1-11D-lcwgs-1-1.clmp.r1	6.0	63.0	112.0	141.0	186.0	240.0	250.0	263.0	398.0	471.0	631.0	787.0	1071.0	1467.0	2173.0	3398.0	5981.0	9999.0	16522.0	29800.0	25197.0
	20.0	21.0	22.0	23.0	24.0	25.0	26.0	27.0	28.0	29.0	30.0	31.0	32.0	33.0	34.0	35.0	36.0	37.0	38.0	39.0	40.0
Sin-CPnd_062-Ex1-11D-lcwgs-1-1.clmp.r2	70.0	353.0	486.0	498.0	537.0	503.0	568.0	539.0	652.0	620.0	837.0	959.0	1317.0	1552.0	2122.0	2978.0	4622.0	7897.0	16023.0	30816.0	25207.0
	20.0	21.0	22.0	23.0	24.0	25.0	26.0	27.0	28.0	29.0	30.0	31.0	32.0	33.0	34.0	35.0	36.0	37.0	38.0	39.0	40.0
Sin-CPnd_063-Ex1-9F-lcwgs-1-1.clmp.r1	1.0	31.0	70.0	79.0	105.0	129.0	165.0	207.0	232.0	300.0	368.0	445.0	536.0	660.0	992.0	1343.0	2232.0	3570.0	6516.0	19471.0	25030.0
	20.0	21.0	22.0	23.0	24.0	25.0	26.0	27.0	28.0	29.0	30.0	31.0	32.0	33.0	34.0	35.0	36.0	37.0	38.0	39.0	40.0
Sin-CPnd_063-Ex1-9F-lcwgs-1-1.clmp.r2	18.0	143.0	260.0	291.0	278.0	292.0	303.0	321.0	347.0	354.0	388.0	469.0	587.0	673.0	891.0	1216.0	1848.0	2987.0	6041.0	17319.0	27456.0
	21.0	22.0	23.0	24.0	25.0	26.0	27.0	28.0	29.0	30.0	31.0	32.0	33.0	34.0	35.0	36.0	37.0	38.0	39.0	40.0
Sin-CPnd_065-Ex1-11B-lcwgs-1-1.clmp.r1	13.0	28.0	36.0	54.0	44.0	56.0	59.0	92.0	119.0	126.0	163.0	226.0	286.0	428.0	613.0	1035.0	1648.0	2893.0	7852.0	9648.0
	20.0	21.0	22.0	23.0	24.0	25.0	26.0	27.0	28.0	29.0	30.0	31.0	32.0	33.0	34.0	35.0	36.0	37.0	38.0	39.0	40.0
Sin-CPnd_065-Ex1-11B-lcwgs-1-1.clmp.r2	5.0	55.0	98.0	88.0	114.0	124.0	120.0	131.0	136.0	159.0	172.0	204.0	237.0	267.0	377.0	508.0	827.0	1358.0	2771.0	7408.0	10260.0
	20.0	21.0	22.0	23.0	24.0	25.0	26.0	27.0	28.0	29.0	30.0	31.0	32.0	33.0	34.0	35.0	36.0	37.0	38.0	39.0	40.0
Sin-CPnd_067-Ex1-9C-lcwgs-1-1.clmp.r1	2.0	38.0	98.0	134.0	158.0	231.0	238.0	292.0	342.0	451.0	584.0	694.0	886.0	1150.0	1731.0	2522.0	4088.0	6775.0	11901.0	31175.0	36064.0
	19.0	20.0	21.0	22.0	23.0	24.0	25.0	26.0	27.0	28.0	29.0	30.0	31.0	32.0	33.0	34.0	35.0	36.0	37.0	38.0	39.0	40.0
Sin-CPnd_067-Ex1-9C-lcwgs-1-1.clmp.r2	1.0	51.0	210.0	376.0	401.0	462.0	490.0	455.0	486.0	552.0	626.0	707.0	819.0	1009.0	1172.0	1635.0	2225.0	3473.0	5531.0	11163.0	29118.0	38592.0
	21.0	22.0	23.0	24.0	25.0	26.0	27.0	28.0	29.0	30.0	31.0	32.0	33.0	34.0	35.0	36.0	37.0	38.0	39.0	40.0
Sin-CPnd_071-Ex1-10A-lcwgs-1-1.clmp.r1	3.0	4.0	7.0	5.0	11.0	8.0	11.0	5.0	15.0	21.0	29.0	24.0	40.0	52.0	96.0	129.0	237.0	426.0	941.0	968.0
	21.0	22.0	23.0	24.0	25.0	26.0	27.0	28.0	29.0	30.0	31.0	32.0	33.0	34.0	35.0	36.0	37.0	38.0	39.0	40.0
Sin-CPnd_071-Ex1-10A-lcwgs-1-1.clmp.r2	10.0	12.0	17.0	12.0	14.0	14.0	20.0	25.0	15.0	31.0	37.0	24.0	32.0	51.0	69.0	105.0	193.0	411.0	936.0	1004.0
	21.0	22.0	23.0	24.0	25.0	26.0	27.0	28.0	29.0	30.0	31.0	32.0	33.0	34.0	35.0	36.0	37.0	38.0	39.0	40.0
Sin-CPnd_074-Ex1-12A-lcwgs-1-1.clmp.r1	2.0	7.0	3.0	5.0	7.0	5.0	11.0	10.0	13.0	17.0	21.0	19.0	32.0	42.0	65.0	80.0	120.0	279.0	772.0	1014.0
	21.0	22.0	23.0	24.0	25.0	26.0	27.0	28.0	29.0	30.0	31.0	32.0	33.0	34.0	35.0	36.0	37.0	38.0	39.0	40.0
Sin-CPnd_074-Ex1-12A-lcwgs-1-1.clmp.r2	12.0	5.0	16.0	13.0	10.0	12.0	5.0	12.0	11.0	20.0	19.0	29.0	33.0	38.0	50.0	82.0	130.0	229.0	673.0	1125.0
	21.0	22.0	23.0	24.0	25.0	26.0	27.0	28.0	29.0	30.0	31.0	32.0	33.0	34.0	35.0	36.0	37.0	38.0	39.0	40.0
Sin-CPnd_075-Ex1-11G-lcwgs-1-1.clmp.r1	9.0	16.0	11.0	19.0	18.0	21.0	30.0	40.0	55.0	57.0	76.0	102.0	123.0	165.0	258.0	447.0	686.0	1271.0	3797.0	4905.0
	20.0	21.0	22.0	23.0	24.0	25.0	26.0	27.0	28.0	29.0	30.0	31.0	32.0	33.0	34.0	35.0	36.0	37.0	38.0	39.0	40.0
Sin-CPnd_075-Ex1-11G-lcwgs-1-1.clmp.r2	1.0	26.0	42.0	40.0	37.0	68.0	68.0	61.0	69.0	58.0	85.0	91.0	86.0	127.0	158.0	235.0	375.0	582.0	1138.0	3424.0	5335.0
	21.0	22.0	23.0	24.0	25.0	26.0	27.0	28.0	29.0	30.0	31.0	32.0	33.0	34.0	35.0	36.0	37.0	38.0	39.0	40.0
Sin-CPnd_076-Ex1-10E-lcwgs-1-1.clmp.r1	9.0	14.0	20.0	21.0	33.0	35.0	37.0	53.0	60.0	85.0	87.0	115.0	145.0	220.0	346.0	525.0	810.0	1511.0	4931.0	6926.0
	20.0	21.0	22.0	23.0	24.0	25.0	26.0	27.0	28.0	29.0	30.0	31.0	32.0	33.0	34.0	35.0	36.0	37.0	38.0	39.0	40.0
Sin-CPnd_076-Ex1-10E-lcwgs-1-1.clmp.r2	6.0	36.0	45.0	57.0	55.0	64.0	70.0	78.0	68.0	87.0	105.0	101.0	146.0	168.0	219.0	298.0	440.0	713.0	1424.0	4383.0	7420.0
	20.0	21.0	22.0	23.0	24.0	25.0	26.0	27.0	28.0	29.0	30.0	31.0	32.0	33.0	34.0	35.0	36.0	37.0	38.0	39.0	40.0
Sin-CPnd_079-Ex1-9H-lcwgs-1-1.clmp.r1	6.0	99.0	223.0	317.0	441.0	521.0	612.0	721.0	901.0	1139.0	1402.0	1734.0	2214.0	2797.0	4173.0	5886.0	9659.0	15889.0	29196.0	87184.0	114500.0
	20.0	21.0	22.0	23.0	24.0	25.0	26.0	27.0	28.0	29.0	30.0	31.0	32.0	33.0	34.0	35.0	36.0	37.0	38.0	39.0	40.0
Sin-CPnd_079-Ex1-9H-lcwgs-1-1.clmp.r2	104.0	560.0	913.0	965.0	1215.0	1265.0	1323.0	1282.0	1433.0	1553.0	1805.0	2097.0	2490.0	2945.0	3959.0	5432.0	8184.0	13434.0	26894.0	77946.0	123815.0
	21.0	22.0	23.0	24.0	25.0	26.0	27.0	28.0	29.0	30.0	31.0	32.0	33.0	34.0	35.0	36.0	37.0	38.0	39.0	40.0
Sin-CPnd_080-Ex1-2E-lcwgs-1-1.clmp.r1	8.0	13.0	24.0	31.0	38.0	51.0	52.0	70.0	86.0	141.0	163.0	175.0	276.0	424.0	644.0	1173.0	1932.0	3409.0	8171.0	6976.0
	20.0	21.0	22.0	23.0	24.0	25.0	26.0	27.0	28.0	29.0	30.0	31.0	32.0	33.0	34.0	35.0	36.0	37.0	38.0	39.0	40.0
Sin-CPnd_080-Ex1-2E-lcwgs-1-1.clmp.r2	7.0	46.0	74.0	78.0	96.0	105.0	97.0	92.0	111.0	129.0	164.0	162.0	225.0	279.0	383.0	536.0	948.0	1586.0	3220.0	7318.0	8201.0
	21.0	22.0	23.0	24.0	25.0	26.0	27.0	28.0	29.0	30.0	31.0	32.0	33.0	34.0	35.0	36.0	37.0	38.0	39.0	40.0
Sin-CPnd_081-Ex1-10G-lcwgs-1-1.clmp.r1	3.0	4.0	9.0	5.0	10.0	7.0	10.0	13.0	22.0	21.0	36.0	31.0	50.0	56.0	92.0	118.0	209.0	403.0	1320.0	1861.0
	20.0	21.0	22.0	23.0	24.0	25.0	26.0	27.0	28.0	29.0	30.0	31.0	32.0	33.0	34.0	35.0	36.0	37.0	38.0	39.0	40.0
Sin-CPnd_081-Ex1-10G-lcwgs-1-1.clmp.r2	1.0	4.0	9.0	18.0	19.0	18.0	21.0	21.0	33.0	23.0	29.0	25.0	33.0	48.0	64.0	85.0	111.0	186.0	314.0	1146.0	2072.0
	20.0	21.0	22.0	23.0	24.0	25.0	26.0	27.0	28.0	29.0	30.0	31.0	32.0	33.0	34.0	35.0	36.0	37.0	38.0	39.0	40.0
Sin-CPnd_085-Ex1-4H-lcwgs-1-1.clmp.r1	1.0	0.0	4.0	2.0	4.0	7.0	8.0	12.0	5.0	6.0	22.0	24.0	36.0	38.0	64.0	97.0	134.0	226.0	405.0	811.0	639.0
	21.0	22.0	23.0	24.0	25.0	26.0	27.0	28.0	29.0	30.0	31.0	32.0	33.0	34.0	35.0	36.0	37.0	38.0	39.0	40.0
Sin-CPnd_085-Ex1-4H-lcwgs-1-1.clmp.r2	4.0	11.0	11.0	14.0	21.0	12.0	14.0	17.0	23.0	28.0	22.0	31.0	44.0	55.0	68.0	112.0	195.0	402.0	831.0	630.0
	20.0	21.0	22.0	23.0	24.0	25.0	26.0	27.0	28.0	29.0	30.0	31.0	32.0	33.0	34.0	35.0	36.0	37.0	38.0	39.0	40.0
Sin-CPnd_086-Ex1-2A-lcwgs-1-1.clmp.r1	1.0	6.0	1.0	2.0	1.0	1.0	4.0	5.0	5.0	5.0	7.0	12.0	6.0	15.0	14.0	21.0	38.0	55.0	80.0	269.0	254.0
	20.0	21.0	22.0	23.0	24.0	25.0	26.0	27.0	28.0	29.0	30.0	31.0	32.0	33.0	34.0	35.0	36.0	37.0	38.0	39.0	40.0
Sin-CPnd_086-Ex1-2A-lcwgs-1-1.clmp.r2	1.0	6.0	8.0	6.0	5.0	7.0	6.0	6.0	9.0	12.0	9.0	8.0	9.0	9.0	13.0	23.0	28.0	48.0	94.0	220.0	275.0
	24.0	25.0	26.0	27.0	28.0	29.0	30.0	31.0	32.0	33.0	34.0	35.0	36.0	37.0	38.0	39.0	40.0
Sin-CPnd_087-Ex1-4B-lcwgs-1-1.clmp.r1	2.0	0.0	0.0	1.0	1.0	1.0	2.0	5.0	7.0	2.0	6.0	17.0	14.0	42.0	53.0	137.0	177.0
	21.0	22.0	23.0	24.0	25.0	26.0	27.0	28.0	29.0	30.0	31.0	32.0	33.0	34.0	35.0	36.0	37.0	38.0	39.0	40.0
Sin-CPnd_087-Ex1-4B-lcwgs-1-1.clmp.r2	2.0	2.0	2.0	0.0	2.0	1.0	0.0	4.0	2.0	2.0	4.0	4.0	6.0	11.0	11.0	20.0	23.0	57.0	147.0	167.0
	20.0	21.0	22.0	23.0	24.0	25.0	26.0	27.0	28.0	29.0	30.0	31.0	32.0	33.0	34.0	35.0	36.0	37.0	38.0	39.0	40.0
Sin-CPnd_088-Ex1-2D-lcwgs-1-1.clmp.r1	117.0	1965.0	4970.0	7321.0	9880.0	11733.0	14325.0	16333.0	20374.0	24392.0	30451.0	37164.0	49555.0	64083.0	91418.0	135346.0	231749.0	382293.0	714462.0	2164535.0	2310359.0
	19.0	20.0	21.0	22.0	23.0	24.0	25.0	26.0	27.0	28.0	29.0	30.0	31.0	32.0	33.0	34.0	35.0	36.0	37.0	38.0	39.0	40.0
Sin-CPnd_088-Ex1-2D-lcwgs-1-1.clmp.r2	13.0	1953.0	10912.0	18412.0	21572.0	24172.0	24852.0	26170.0	26719.0	30131.0	32203.0	37549.0	42151.0	52420.0	63689.0	85451.0	116842.0	185129.0	307867.0	638170.0	1797523.0	2778925.0
	20.0	21.0	22.0	23.0	24.0	25.0	26.0	27.0	28.0	29.0	30.0	31.0	32.0	33.0	34.0	35.0	36.0	37.0	38.0	39.0	40.0
Sin-CPnd_089-Ex1-9E-lcwgs-1-1.clmp.r1	4.0	26.0	42.0	40.0	65.0	65.0	67.0	91.0	107.0	104.0	142.0	187.0	234.0	320.0	401.0	542.0	851.0	1401.0	2463.0	8230.0	10772.0
	20.0	21.0	22.0	23.0	24.0	25.0	26.0	27.0	28.0	29.0	30.0	31.0	32.0	33.0	34.0	35.0	36.0	37.0	38.0	39.0	40.0
Sin-CPnd_089-Ex1-9E-lcwgs-1-1.clmp.r2	11.0	72.0	112.0	106.0	134.0	123.0	145.0	131.0	143.0	124.0	205.0	168.0	255.0	330.0	333.0	493.0	726.0	1157.0	2177.0	7212.0	11997.0
	21.0	22.0	23.0	24.0	25.0	26.0	27.0	28.0	29.0	30.0	31.0	32.0	33.0	34.0	35.0	36.0	37.0	38.0	39.0	40.0
Sin-CPnd_090-Ex1-12F-lcwgs-1-1.clmp.r1	8.0	5.0	6.0	6.0	15.0	15.0	16.0	17.0	20.0	32.0	31.0	38.0	49.0	63.0	98.0	175.0	324.0	575.0	1400.0	1551.0
	20.0	21.0	22.0	23.0	24.0	25.0	26.0	27.0	28.0	29.0	30.0	31.0	32.0	33.0	34.0	35.0	36.0	37.0	38.0	39.0	40.0
Sin-CPnd_090-Ex1-12F-lcwgs-1-1.clmp.r2	4.0	7.0	27.0	29.0	28.0	25.0	19.0	24.0	19.0	29.0	32.0	33.0	47.0	59.0	75.0	97.0	132.0	255.0	483.0	1267.0	1753.0
	22.0	23.0	24.0	25.0	26.0	27.0	28.0	29.0	30.0	31.0	32.0	33.0	34.0	35.0	36.0	37.0	38.0	39.0	40.0
Sin-CPnd_091-Ex1-1A-lcwgs-1-1.clmp.r1	1.0	2.0	1.0	0.0	0.0	5.0	2.0	4.0	2.0	10.0	7.0	18.0	20.0	29.0	65.0	100.0	165.0	244.0	120.0
	21.0	22.0	23.0	24.0	25.0	26.0	27.0	28.0	29.0	30.0	31.0	32.0	33.0	34.0	35.0	36.0	37.0	38.0	39.0	40.0
Sin-CPnd_091-Ex1-1A-lcwgs-1-1.clmp.r2	5.0	5.0	4.0	2.0	0.0	6.0	3.0	8.0	5.0	12.0	9.0	12.0	9.0	13.0	22.0	54.0	81.0	171.0	250.0	124.0
	21.0	22.0	23.0	24.0	25.0	26.0	27.0	28.0	29.0	30.0	31.0	32.0	33.0	34.0	35.0	36.0	37.0	38.0	39.0	40.0
Sin-CPnd_092-Ex1-11F-lcwgs-1-1.clmp.r1	8.0	22.0	26.0	25.0	34.0	48.0	43.0	43.0	68.0	93.0	107.0	154.0	201.0	305.0	383.0	701.0	1181.0	1937.0	4653.0	5289.0
	20.0	21.0	22.0	23.0	24.0	25.0	26.0	27.0	28.0	29.0	30.0	31.0	32.0	33.0	34.0	35.0	36.0	37.0	38.0	39.0	40.0
Sin-CPnd_092-Ex1-11F-lcwgs-1-1.clmp.r2	3.0	37.0	61.0	70.0	74.0	73.0	80.0	93.0	89.0	87.0	119.0	128.0	176.0	194.0	260.0	359.0	546.0	897.0	1861.0	4442.0	5672.0
	21.0	22.0	23.0	24.0	25.0	26.0	27.0	28.0	29.0	30.0	31.0	32.0	33.0	34.0	35.0	36.0	37.0	38.0	39.0	40.0
Sin-CPnd_093-Ex1-10C-lcwgs-1-1.clmp.r1	1.0	7.0	7.0	13.0	15.0	12.0	18.0	19.0	31.0	42.0	44.0	48.0	79.0	107.0	146.0	246.0	421.0	705.0	2413.0	3206.0
	20.0	21.0	22.0	23.0	24.0	25.0	26.0	27.0	28.0	29.0	30.0	31.0	32.0	33.0	34.0	35.0	36.0	37.0	38.0	39.0	40.0
Sin-CPnd_093-Ex1-10C-lcwgs-1-1.clmp.r2	2.0	20.0	29.0	30.0	26.0	21.0	35.0	41.0	37.0	35.0	58.0	53.0	63.0	76.0	118.0	132.0	213.0	349.0	696.0	2086.0	3460.0
	21.0	22.0	23.0	24.0	25.0	26.0	27.0	28.0	29.0	30.0	31.0	32.0	33.0	34.0	35.0	36.0	37.0	38.0	39.0	40.0
Sin-CPnd_094-Ex1-3H-lcwgs-1-1.clmp.r1	1.0	4.0	5.0	1.0	4.0	4.0	5.0	9.0	6.0	15.0	15.0	33.0	39.0	64.0	100.0	162.0	325.0	485.0	898.0	664.0
	20.0	21.0	22.0	23.0	24.0	25.0	26.0	27.0	28.0	29.0	30.0	31.0	32.0	33.0	34.0	35.0	36.0	37.0	38.0	39.0	40.0
Sin-CPnd_094-Ex1-3H-lcwgs-1-1.clmp.r2	5.0	6.0	10.0	17.0	21.0	15.0	10.0	19.0	12.0	13.0	15.0	26.0	24.0	45.0	68.0	72.0	145.0	213.0	479.0	998.0	626.0
	22.0	23.0	24.0	25.0	26.0	27.0	28.0	29.0	30.0	31.0	32.0	33.0	34.0	35.0	36.0	37.0	38.0	39.0	40.0
Sin-CPnd_095-Ex1-2B-lcwgs-1-1.clmp.r1	3.0	5.0	7.0	8.0	11.0	14.0	12.0	14.0	24.0	23.0	35.0	35.0	59.0	81.0	144.0	238.0	474.0	1411.0	1459.0
	21.0	22.0	23.0	24.0	25.0	26.0	27.0	28.0	29.0	30.0	31.0	32.0	33.0	34.0	35.0	36.0	37.0	38.0	39.0	40.0
Sin-CPnd_095-Ex1-2B-lcwgs-1-1.clmp.r2	8.0	19.0	16.0	15.0	20.0	22.0	17.0	27.0	18.0	21.0	31.0	32.0	51.0	45.0	73.0	120.0	207.0	381.0	1162.0	1772.0
	19.0	20.0	21.0	22.0	23.0	24.0	25.0	26.0	27.0	28.0	29.0	30.0	31.0	32.0	33.0	34.0	35.0	36.0	37.0	38.0	39.0	40.0
Undetermined.clmp.r1	18.0	46912.0	626076.0	1036171.0	998754.0	906604.0	735194.0	671928.0	647230.0	707625.0	762100.0	885936.0	1004614.0	1241464.0	1469325.0	1882839.0	2433210.0	3549666.0	5010050.0	8396196.0	23808232.0	26446526.0
	19.0	20.0	21.0	22.0	23.0	24.0	25.0	26.0	27.0	28.0	29.0	30.0	31.0	32.0	33.0	34.0	35.0	36.0	37.0	38.0	39.0	40.0
Undetermined.clmp.r2	449.0	128978.0	1173494.0	1603730.0	1450499.0	1417286.0	1279637.0	1216465.0	1118120.0	1128909.0	1101796.0	1160019.0	1199040.0	1360088.0	1488373.0	1763861.0	2128988.0	2936462.0	4112724.0	7035104.0	19942858.0	28519790.0

