Sample	1	2	3	4	5	6	7	8	9	10	11	12	13	14	15	16	17	18	19	20	21	22	23	24	25	26	27	28	29	30	31
Sin-APnd_001-Ex1-6G-lcwgs-1-1.clmp.r1r2_fastp	99.56538960038974	0.4311649152620576	0.0033556021478250604	5.99214669254475e-05	0.0	0.0	0.0	0.0	0.0	0.0	0.0	2.996073346272375e-05	0.0	0.0	0.0	0.0	0.0	0.0	0.0	0.0	0.0	0.0	0.0	0.0	0.0	0.0	0.0	0.0	0.0	0.0	0.0
Sin-APnd_002-Ex1-3G-lcwgs-1-1.clmp.r1r2_fastp	98.96769811295138	1.0157024947666837	0.01609027354101418	0.00043487225786524814	7.424648305016431e-05	0.0	0.0	0.0	0.0	0.0	0.0	0.0	0.0	0.0	0.0	0.0	0.0	0.0	0.0	0.0	0.0	0.0	0.0	0.0	0.0	0.0	0.0	0.0	0.0	0.0	0.0
Sin-APnd_003-Ex1-3H-lcwgs-1-1.clmp.r1r2_fastp	99.79462748461866	0.20469369997593292	0.0006788154054070733	0.0	0.0	0.0	0.0	0.0	0.0	0.0	0.0	0.0	0.0	0.0	0.0	0.0	0.0	0.0	0.0	0.0	0.0	0.0	0.0	0.0	0.0	0.0	0.0	0.0	0.0	0.0	0.0
Sin-APnd_004-Ex1-4A-lcwgs-1-1.clmp.r1r2_fastp	98.54259123907649	1.4204755302447039	0.03547034965926611	0.001282278424545771	0.0001444820760051573	1.8060259500644663e-05	0.0	0.0	0.0	0.0	0.0	1.8060259500644663e-05	0.0	0.0	0.0	0.0	0.0	0.0	0.0	0.0	0.0	0.0	0.0	0.0	0.0	0.0	0.0	0.0	0.0	0.0	0.0
Sin-APnd_005-Ex1-4B-lcwgs-1-1.clmp.r1r2_fastp	99.07614162304125	0.9110458185681837	0.012382868932345395	0.00033854320950681415	1.3020892673339005e-05	0.0	2.604178534667801e-05	0.0	0.0	0.0	0.0	0.0	0.0	0.0	0.0	1.3020892673339005e-05	0.0	0.0	0.0	0.0	0.0	0.0	0.0	0.0	0.0	0.0	0.0	0.0	0.0	0.0	3.906267802001702e-05
Sin-APnd_006-Ex1-4C-lcwgs-1-1.clmp.r1r2_fastp	94.81507591464995	4.668815897120665	0.45344804132984123	0.052855555719537435	0.007916892761454526	0.0014643963489395654	0.00034321789428271065	6.864357885654213e-05	1.1440596476090354e-05	0.0	0.0	0.0	0.0	0.0	0.0	0.0	0.0	0.0	0.0	0.0	0.0	0.0	0.0	0.0	0.0	0.0	0.0	0.0	0.0	0.0	0.0
Sin-APnd_007-Ex1-4D-lcwgs-1-1.clmp.r1r2_fastp	99.18298971536053	0.8070208933453058	0.009767712707877362	0.0001524040280661716	2.7709823284758474e-05	1.3854911642379237e-05	0.0	1.3854911642379237e-05	0.0	0.0	0.0	0.0	0.0	0.0	0.0	0.0	0.0	0.0	0.0	0.0	0.0	0.0	0.0	1.3854911642379237e-05	0.0	0.0	0.0	0.0	0.0	0.0	0.0
Sin-APnd_008-Ex1-4E-lcwgs-1-1.clmp.r1r2_fastp	98.41279684984117	1.5475356420940423	0.038456997255306415	0.0010987713501516118	9.311621611454338e-05	0.0	0.0	1.8623243222908676e-05	0.0	0.0	0.0	0.0	0.0	0.0	0.0	0.0	0.0	0.0	0.0	0.0	0.0	0.0	0.0	0.0	0.0	0.0	0.0	0.0	0.0	0.0	0.0
Sin-APnd_009-Ex1-4F-lcwgs-1-1.clmp.r1r2_fastp	99.02092454962946	0.9629582982812968	0.015751608433623835	0.00036554365563262064	0.0	0.0	0.0	0.0	0.0	0.0	0.0	0.0	0.0	0.0	0.0	0.0	0.0	0.0	0.0	0.0	0.0	0.0	0.0	0.0	0.0	0.0	0.0	0.0	0.0	0.0	0.0
Sin-APnd_010-Ex1-4G-lcwgs-1-1.clmp.r1r2_fastp	98.95658610522851	1.023646919769063	0.01930133957304836	0.0004506149316664987	0.0	0.0	1.5020497722216621e-05	0.0	0.0	0.0	0.0	0.0	0.0	0.0	0.0	0.0	0.0	0.0	0.0	0.0	0.0	0.0	0.0	0.0	0.0	0.0	0.0	0.0	0.0	0.0	0.0
Sin-APnd_011-Ex1-4H-lcwgs-1-1.clmp.r1r2_fastp	99.20204905373303	0.7870804873224894	0.010555641564486821	0.0002592613717593254	1.8518669411380387e-05	0.0	1.8518669411380387e-05	1.8518669411380387e-05	0.0	0.0	0.0	0.0	0.0	0.0	0.0	0.0	0.0	0.0	0.0	0.0	0.0	0.0	0.0	0.0	0.0	0.0	0.0	0.0	0.0	0.0	0.0
Sin-APnd_012-Ex1-5A-lcwgs-1-1.clmp.r1r2_fastp	99.75411512082351	0.2437562849968297	0.0019350856178631623	0.00012900570785754416	0.0	0.0	0.0	6.450285392877208e-05	0.0	0.0	0.0	0.0	0.0	0.0	0.0	0.0	0.0	0.0	0.0	0.0	0.0	0.0	0.0	0.0	0.0	0.0	0.0	0.0	0.0	0.0	0.0
Sin-APnd_013-Ex1-5B-lcwgs-1-1.clmp.r1r2_fastp	98.81390394046309	1.161136137997497	0.024313139120252434	0.0006320828187248214	1.4699600435460964e-05	0.0	0.0	0.0	0.0	0.0	0.0	0.0	0.0	0.0	0.0	0.0	0.0	0.0	0.0	0.0	0.0	0.0	0.0	0.0	0.0	0.0	0.0	0.0	0.0	0.0	0.0
Sin-APnd_014-Ex1-5C-lcwgs-1-1.clmp.r1r2_fastp	98.62128536673193	1.3433583269178258	0.03423215712270016	0.00106975491008438	3.626287830794509e-05	0.0	0.0	0.0	0.0	0.0	0.0	0.0	1.8131439153972545e-05	0.0	0.0	0.0	0.0	0.0	0.0	0.0	0.0	0.0	0.0	0.0	0.0	0.0	0.0	0.0	0.0	0.0	0.0
Sin-APnd_015-Ex1-5D-lcwgs-1-1.clmp.r1r2_fastp	98.75513066995268	1.2121282890150142	0.031756520218050754	0.0008700416498096098	0.00011447916444863287	0.0	0.0	0.0	0.0	0.0	0.0	0.0	0.0	0.0	0.0	0.0	0.0	0.0	0.0	0.0	0.0	0.0	0.0	0.0	0.0	0.0	0.0	0.0	0.0	0.0	0.0
Sin-APnd_016-Ex1-5E-lcwgs-1-1.clmp.r1r2_fastp	99.46823131899018	0.5263894808582836	0.005250511152703395	7.72133993044617e-05	2.57377997681539e-05	0.0	2.57377997681539e-05	0.0	0.0	0.0	0.0	0.0	0.0	0.0	0.0	0.0	0.0	0.0	0.0	0.0	0.0	0.0	0.0	0.0	0.0	0.0	0.0	0.0	0.0	0.0	0.0
Sin-APnd_017-Ex1-5F-lcwgs-1-1.clmp.r1r2_fastp	98.81083554595423	1.1656246508138366	0.022965142574373328	0.0005108094733873586	4.256745611561321e-05	0.0	0.0	2.1283728057806605e-05	0.0	0.0	0.0	0.0	0.0	0.0	0.0	0.0	0.0	0.0	0.0	0.0	0.0	0.0	0.0	0.0	0.0	0.0	0.0	0.0	0.0	0.0	0.0
Sin-APnd_018-Ex1-5G-lcwgs-1-1.clmp.r1r2_fastp	98.50689180376267	1.4512443601790224	0.039973308779669176	0.0016787882234367303	0.00016636640052075706	1.5124218229159733e-05	0.0	1.5124218229159733e-05	0.0	0.0	0.0	1.5124218229159733e-05	0.0	0.0	0.0	0.0	0.0	0.0	0.0	0.0	0.0	0.0	0.0	0.0	0.0	0.0	0.0	0.0	0.0	0.0	0.0
Sin-APnd_019-Ex1-5H-lcwgs-1-1.clmp.r1r2_fastp	98.2370850493149	1.7051379187371343	0.05495229445806947	0.0026388994971409756	0.0001300865949294847	3.7167598551281345e-05	0.0	1.8583799275640673e-05	0.0	0.0	0.0	0.0	0.0	0.0	0.0	0.0	0.0	0.0	0.0	0.0	0.0	0.0	0.0	0.0	0.0	0.0	0.0	0.0	0.0	0.0	0.0
Sin-APnd_020-Ex1-6A-lcwgs-1-1.clmp.r1r2_fastp	98.89610708550116	1.0816521843224964	0.021347698945564004	0.000765455340677594	0.00010631324176077692	0.0	0.0	2.1262648352155384e-05	0.0	0.0	0.0	0.0	0.0	0.0	0.0	0.0	0.0	0.0	0.0	0.0	0.0	0.0	0.0	0.0	0.0	0.0	0.0	0.0	0.0	0.0	0.0
Sin-APnd_021-Ex1-6B-lcwgs-1-1.clmp.r1r2_fastp	98.25708781447847	1.6948947417404714	0.04619356501480069	0.0017556963824813545	5.1136787839262754e-05	1.7045595946420918e-05	0.0	0.0	0.0	0.0	0.0	0.0	0.0	0.0	0.0	0.0	0.0	0.0	0.0	0.0	0.0	0.0	0.0	0.0	0.0	0.0	0.0	0.0	0.0	0.0	0.0
Sin-APnd_022-Ex1-6C-lcwgs-1-1.clmp.r1r2_fastp	98.82545137100487	1.1536537739875663	0.020275197385738852	0.0004957260974508276	7.435891461762415e-05	0.0	0.0	2.4786304872541383e-05	0.0	0.0	0.0	2.4786304872541383e-05	0.0	0.0	0.0	0.0	0.0	0.0	0.0	0.0	0.0	0.0	0.0	0.0	0.0	0.0	0.0	0.0	0.0	0.0	0.0
Sin-APnd_023-Ex1-6D-lcwgs-1-1.clmp.r1r2_fastp	95.87999959451827	3.8445023467255153	0.2519533412937813	0.020694869451140314	0.0023525590965714034	0.0003634034376817615	0.00013388547704064896	0.0	0.0	0.0	0.0	0.0	0.0	0.0	0.0	0.0	0.0	0.0	0.0	0.0	0.0	0.0	0.0	0.0	0.0	0.0	0.0	0.0	0.0	0.0	0.0
Sin-APnd_024-Ex1-6E-lcwgs-1-1.clmp.r1r2_fastp	99.3863084474296	0.6072849392921725	0.006406613278222681	0.0	0.0	0.0	0.0	0.0	0.0	0.0	0.0	0.0	0.0	0.0	0.0	0.0	0.0	0.0	0.0	0.0	0.0	0.0	0.0	0.0	0.0	0.0	0.0	0.0	0.0	0.0	0.0
Sin-APnd_025-Ex1-6F-lcwgs-1-1.clmp.r1r2_fastp	98.41045617741422	1.552608721310056	0.035645115803626844	0.001171366118338819	0.00010379193453635105	1.4827419219478722e-05	0.0	0.0	0.0	0.0	0.0	0.0	0.0	0.0	0.0	0.0	0.0	0.0	0.0	0.0	0.0	0.0	0.0	0.0	0.0	0.0	0.0	0.0	0.0	0.0	0.0
Sin-CPnd_010-Ex1-2F-lcwgs-1-1.clmp.r1r2_fastp	100.0	0.0	0.0	0.0	0.0	0.0	0.0	0.0	0.0	0.0	0.0	0.0	0.0	0.0	0.0	0.0	0.0	0.0	0.0	0.0	0.0	0.0	0.0	0.0	0.0	0.0	0.0	0.0	0.0	0.0	0.0
Sin-CPnd_011-Ex1-10H-lcwgs-1-1.clmp.r1r2_fastp	100.0	0.0	0.0	0.0	0.0	0.0	0.0	0.0	0.0	0.0	0.0	0.0	0.0	0.0	0.0	0.0	0.0	0.0	0.0	0.0	0.0	0.0	0.0	0.0	0.0	0.0	0.0	0.0	0.0	0.0	0.0
Sin-CPnd_012-Ex1-2G-lcwgs-1-1.clmp.r1r2_fastp	100.0	0.0	0.0	0.0	0.0	0.0	0.0	0.0	0.0	0.0	0.0	0.0	0.0	0.0	0.0	0.0	0.0	0.0	0.0	0.0	0.0	0.0	0.0	0.0	0.0	0.0	0.0	0.0	0.0	0.0	0.0
Sin-CPnd_013-Ex1-4E-lcwgs-1-1.clmp.r1r2_fastp	99.93577149765754	0.06422850234245125	0.0	0.0	0.0	0.0	0.0	0.0	0.0	0.0	0.0	0.0	0.0	0.0	0.0	0.0	0.0	0.0	0.0	0.0	0.0	0.0	0.0	0.0	0.0	0.0	0.0	0.0	0.0	0.0	0.0
Sin-CPnd_014-Ex1-3F-lcwgs-1-1.clmp.r1r2_fastp	99.65397923875432	0.34602076124567477	0.0	0.0	0.0	0.0	0.0	0.0	0.0	0.0	0.0	0.0	0.0	0.0	0.0	0.0	0.0	0.0	0.0	0.0	0.0	0.0	0.0	0.0	0.0	0.0	0.0	0.0	0.0	0.0	0.0
Sin-CPnd_015-Ex1-4A-lcwgs-1-1.clmp.r1r2_fastp	99.94931971463102	0.05068028536899147	0.0	0.0	0.0	0.0	0.0	0.0	0.0	0.0	0.0	0.0	0.0	0.0	0.0	0.0	0.0	0.0	0.0	0.0	0.0	0.0	0.0	0.0	0.0	0.0	0.0	0.0	0.0	0.0	0.0
Sin-CPnd_016-Ex1-1E-lcwgs-1-1.clmp.r1r2_fastp	100.0	0.0	0.0	0.0	0.0	0.0	0.0	0.0	0.0	0.0	0.0	0.0	0.0	0.0	0.0	0.0	0.0	0.0	0.0	0.0	0.0	0.0	0.0	0.0	0.0	0.0	0.0	0.0	0.0	0.0	0.0
Sin-CPnd_017-Ex1-4G-lcwgs-1-1.clmp.r1r2_fastp	100.0	0.0	0.0	0.0	0.0	0.0	0.0	0.0	0.0	0.0	0.0	0.0	0.0	0.0	0.0	0.0	0.0	0.0	0.0	0.0	0.0	0.0	0.0	0.0	0.0	0.0	0.0	0.0	0.0	0.0	0.0
Sin-CPnd_018-Ex1-11A-lcwgs-1-1.clmp.r1r2_fastp	99.94928491733441	0.05071508266558474	0.0	0.0	0.0	0.0	0.0	0.0	0.0	0.0	0.0	0.0	0.0	0.0	0.0	0.0	0.0	0.0	0.0	0.0	0.0	0.0	0.0	0.0	0.0	0.0	0.0	0.0	0.0	0.0	0.0
Sin-CPnd_019-Ex1-1H-lcwgs-1-1.clmp.r1r2_fastp	99.97296404217609	0.027035957823905794	0.0	0.0	0.0	0.0	0.0	0.0	0.0	0.0	0.0	0.0	0.0	0.0	0.0	0.0	0.0	0.0	0.0	0.0	0.0	0.0	0.0	0.0	0.0	0.0	0.0	0.0	0.0	0.0	0.0
Sin-CPnd_020-Ex1-12E-lcwgs-1-1.clmp.r1r2_fastp	99.96885220370659	0.03114779629341224	0.0	0.0	0.0	0.0	0.0	0.0	0.0	0.0	0.0	0.0	0.0	0.0	0.0	0.0	0.0	0.0	0.0	0.0	0.0	0.0	0.0	0.0	0.0	0.0	0.0	0.0	0.0	0.0	0.0
Sin-CPnd_021-Ex1-3D-lcwgs-1-1.clmp.r1r2_fastp	99.95979606751469	0.03985509142252153	0.0003488410627791819	0.0	0.0	0.0	0.0	0.0	0.0	0.0	0.0	0.0	0.0	0.0	0.0	0.0	0.0	0.0	0.0	0.0	0.0	0.0	0.0	0.0	0.0	0.0	0.0	0.0	0.0	0.0	0.0
Sin-CPnd_022-Ex1-1D-lcwgs-1-1.clmp.r1r2_fastp	99.92365492023949	0.07634507976051755	0.0	0.0	0.0	0.0	0.0	0.0	0.0	0.0	0.0	0.0	0.0	0.0	0.0	0.0	0.0	0.0	0.0	0.0	0.0	0.0	0.0	0.0	0.0	0.0	0.0	0.0	0.0	0.0	0.0
Sin-CPnd_023-Ex1-12B-lcwgs-1-1.clmp.r1r2_fastp	99.96764452113891	0.03235547886108714	0.0	0.0	0.0	0.0	0.0	0.0	0.0	0.0	0.0	0.0	0.0	0.0	0.0	0.0	0.0	0.0	0.0	0.0	0.0	0.0	0.0	0.0	0.0	0.0	0.0	0.0	0.0	0.0	0.0
Sin-CPnd_024-Ex1-12C-lcwgs-1-1.clmp.r1r2_fastp	99.95151658487555	0.04848341512446047	0.0	0.0	0.0	0.0	0.0	0.0	0.0	0.0	0.0	0.0	0.0	0.0	0.0	0.0	0.0	0.0	0.0	0.0	0.0	0.0	0.0	0.0	0.0	0.0	0.0	0.0	0.0	0.0	0.0
Sin-CPnd_025-Ex1-3B-lcwgs-1-1.clmp.r1r2_fastp	99.94703950852664	0.05296049147336088	0.0	0.0	0.0	0.0	0.0	0.0	0.0	0.0	0.0	0.0	0.0	0.0	0.0	0.0	0.0	0.0	0.0	0.0	0.0	0.0	0.0	0.0	0.0	0.0	0.0	0.0	0.0	0.0	0.0
Sin-CPnd_026-Ex1-1G-lcwgs-1-1.clmp.r1r2_fastp	99.672131147541	0.32786885245901637	0.0	0.0	0.0	0.0	0.0	0.0	0.0	0.0	0.0	0.0	0.0	0.0	0.0	0.0	0.0	0.0	0.0	0.0	0.0	0.0	0.0	0.0	0.0	0.0	0.0	0.0	0.0	0.0	0.0
Sin-CPnd_027-Ex1-3A-lcwgs-1-1.clmp.r1r2_fastp	100.0	0.0	0.0	0.0	0.0	0.0	0.0	0.0	0.0	0.0	0.0	0.0	0.0	0.0	0.0	0.0	0.0	0.0	0.0	0.0	0.0	0.0	0.0	0.0	0.0	0.0	0.0	0.0	0.0	0.0	0.0
Sin-CPnd_028-Ex1-12H-lcwgs-1-1.clmp.r1r2_fastp	99.96113486202876	0.0388651379712398	0.0	0.0	0.0	0.0	0.0	0.0	0.0	0.0	0.0	0.0	0.0	0.0	0.0	0.0	0.0	0.0	0.0	0.0	0.0	0.0	0.0	0.0	0.0	0.0	0.0	0.0	0.0	0.0	0.0
Sin-CPnd_029-Ex1-4D-lcwgs-1-1.clmp.r1r2_fastp	99.93657840494689	0.06025051530045981	0.0031710797526557795	0.0	0.0	0.0	0.0	0.0	0.0	0.0	0.0	0.0	0.0	0.0	0.0	0.0	0.0	0.0	0.0	0.0	0.0	0.0	0.0	0.0	0.0	0.0	0.0	0.0	0.0	0.0	0.0
Sin-CPnd_030-Ex1-10B-lcwgs-1-1.clmp.r1r2_fastp	99.9742334449884	0.02576655501159495	0.0	0.0	0.0	0.0	0.0	0.0	0.0	0.0	0.0	0.0	0.0	0.0	0.0	0.0	0.0	0.0	0.0	0.0	0.0	0.0	0.0	0.0	0.0	0.0	0.0	0.0	0.0	0.0	0.0
Sin-CPnd_031-Ex1-3G-lcwgs-1-1.clmp.r1r2_fastp	99.97550306211723	0.024496937882764653	0.0	0.0	0.0	0.0	0.0	0.0	0.0	0.0	0.0	0.0	0.0	0.0	0.0	0.0	0.0	0.0	0.0	0.0	0.0	0.0	0.0	0.0	0.0	0.0	0.0	0.0	0.0	0.0	0.0
Sin-CPnd_032-Ex1-3E-lcwgs-1-1.clmp.r1r2_fastp	99.95941009335678	0.04058990664321472	0.0	0.0	0.0	0.0	0.0	0.0	0.0	0.0	0.0	0.0	0.0	0.0	0.0	0.0	0.0	0.0	0.0	0.0	0.0	0.0	0.0	0.0	0.0	0.0	0.0	0.0	0.0	0.0	0.0
Sin-CPnd_033-Ex1-1B-lcwgs-1-1.clmp.r1r2_fastp	99.86530440770753	0.13447903989328297	0.00021655239918403057	0.0	0.0	0.0	0.0	0.0	0.0	0.0	0.0	0.0	0.0	0.0	0.0	0.0	0.0	0.0	0.0	0.0	0.0	0.0	0.0	0.0	0.0	0.0	0.0	0.0	0.0	0.0	0.0
Sin-CPnd_034-Ex1-3C-lcwgs-1-1.clmp.r1r2_fastp	99.96611605252012	0.0338839474798814	0.0	0.0	0.0	0.0	0.0	0.0	0.0	0.0	0.0	0.0	0.0	0.0	0.0	0.0	0.0	0.0	0.0	0.0	0.0	0.0	0.0	0.0	0.0	0.0	0.0	0.0	0.0	0.0	0.0
Sin-CPnd_035-Ex1-12D-lcwgs-1-1.clmp.r1r2_fastp	99.94742376445846	0.052576235541535225	0.0	0.0	0.0	0.0	0.0	0.0	0.0	0.0	0.0	0.0	0.0	0.0	0.0	0.0	0.0	0.0	0.0	0.0	0.0	0.0	0.0	0.0	0.0	0.0	0.0	0.0	0.0	0.0	0.0
Sin-CPnd_037-Ex1-4F-lcwgs-1-1.clmp.r1r2_fastp	100.0	0.0	0.0	0.0	0.0	0.0	0.0	0.0	0.0	0.0	0.0	0.0	0.0	0.0	0.0	0.0	0.0	0.0	0.0	0.0	0.0	0.0	0.0	0.0	0.0	0.0	0.0	0.0	0.0	0.0	0.0
Sin-CPnd_038-Ex1-11C-lcwgs-1-1.clmp.r1r2_fastp	99.94537757749556	0.05462242250443807	0.0	0.0	0.0	0.0	0.0	0.0	0.0	0.0	0.0	0.0	0.0	0.0	0.0	0.0	0.0	0.0	0.0	0.0	0.0	0.0	0.0	0.0	0.0	0.0	0.0	0.0	0.0	0.0	0.0
Sin-CPnd_039-Ex1-10F-lcwgs-1-1.clmp.r1r2_fastp	99.9471039407564	0.052896059243586355	0.0	0.0	0.0	0.0	0.0	0.0	0.0	0.0	0.0	0.0	0.0	0.0	0.0	0.0	0.0	0.0	0.0	0.0	0.0	0.0	0.0	0.0	0.0	0.0	0.0	0.0	0.0	0.0	0.0
Sin-CPnd_040-Ex1-11E-lcwgs-1-1.clmp.r1r2_fastp	99.96798463262367	0.03201536737634064	0.0	0.0	0.0	0.0	0.0	0.0	0.0	0.0	0.0	0.0	0.0	0.0	0.0	0.0	0.0	0.0	0.0	0.0	0.0	0.0	0.0	0.0	0.0	0.0	0.0	0.0	0.0	0.0	0.0
Sin-CPnd_041-Ex1-1F-lcwgs-1-1.clmp.r1r2_fastp	99.86916703009159	0.13083296990841692	0.0	0.0	0.0	0.0	0.0	0.0	0.0	0.0	0.0	0.0	0.0	0.0	0.0	0.0	0.0	0.0	0.0	0.0	0.0	0.0	0.0	0.0	0.0	0.0	0.0	0.0	0.0	0.0	0.0
Sin-CPnd_042-Ex1-10D-lcwgs-1-1.clmp.r1r2_fastp	99.94645137372822	0.05354862627177987	0.0	0.0	0.0	0.0	0.0	0.0	0.0	0.0	0.0	0.0	0.0	0.0	0.0	0.0	0.0	0.0	0.0	0.0	0.0	0.0	0.0	0.0	0.0	0.0	0.0	0.0	0.0	0.0	0.0
Sin-CPnd_043-Ex1-1C-lcwgs-1-1.clmp.r1r2_fastp	99.94369369369369	0.05630630630630631	0.0	0.0	0.0	0.0	0.0	0.0	0.0	0.0	0.0	0.0	0.0	0.0	0.0	0.0	0.0	0.0	0.0	0.0	0.0	0.0	0.0	0.0	0.0	0.0	0.0	0.0	0.0	0.0	0.0
Sin-CPnd_044-Ex1-2C-lcwgs-1-1.clmp.r1r2_fastp	99.96889838860376	0.030717640885180017	0.0003839705110647502	0.0	0.0	0.0	0.0	0.0	0.0	0.0	0.0	0.0	0.0	0.0	0.0	0.0	0.0	0.0	0.0	0.0	0.0	0.0	0.0	0.0	0.0	0.0	0.0	0.0	0.0	0.0	0.0
Sin-CPnd_045-Ex1-11H-lcwgs-1-1.clmp.r1r2_fastp	100.0	0.0	0.0	0.0	0.0	0.0	0.0	0.0	0.0	0.0	0.0	0.0	0.0	0.0	0.0	0.0	0.0	0.0	0.0	0.0	0.0	0.0	0.0	0.0	0.0	0.0	0.0	0.0	0.0	0.0	0.0
Sin-CPnd_049-Ex1-4C-lcwgs-1-1.clmp.r1r2_fastp	99.91835782598554	0.08164217401446233	0.0	0.0	0.0	0.0	0.0	0.0	0.0	0.0	0.0	0.0	0.0	0.0	0.0	0.0	0.0	0.0	0.0	0.0	0.0	0.0	0.0	0.0	0.0	0.0	0.0	0.0	0.0	0.0	0.0
Sin-CPnd_050-Ex1-9B-lcwgs-1-1.clmp.r1r2_fastp	99.98241294407316	0.017587055926837847	0.0	0.0	0.0	0.0	0.0	0.0	0.0	0.0	0.0	0.0	0.0	0.0	0.0	0.0	0.0	0.0	0.0	0.0	0.0	0.0	0.0	0.0	0.0	0.0	0.0	0.0	0.0	0.0	0.0
Sin-CPnd_051-Ex1-12G-lcwgs-1-1.clmp.r1r2_fastp	99.93278440598219	0.06721559401781213	0.0	0.0	0.0	0.0	0.0	0.0	0.0	0.0	0.0	0.0	0.0	0.0	0.0	0.0	0.0	0.0	0.0	0.0	0.0	0.0	0.0	0.0	0.0	0.0	0.0	0.0	0.0	0.0	0.0
Sin-CPnd_053-Ex1-9G-lcwgs-1-1.clmp.r1r2_fastp	99.97948653211935	0.020513467880643177	0.0	0.0	0.0	0.0	0.0	0.0	0.0	0.0	0.0	0.0	0.0	0.0	0.0	0.0	0.0	0.0	0.0	0.0	0.0	0.0	0.0	0.0	0.0	0.0	0.0	0.0	0.0	0.0	0.0
Sin-CPnd_058-Ex1-9D-lcwgs-1-1.clmp.r1r2_fastp	99.93844390280277	0.0611905621782378	0.00036553501898588887	0.0	0.0	0.0	0.0	0.0	0.0	0.0	0.0	0.0	0.0	0.0	0.0	0.0	0.0	0.0	0.0	0.0	0.0	0.0	0.0	0.0	0.0	0.0	0.0	0.0	0.0	0.0	0.0
Sin-CPnd_060-Ex1-2H-lcwgs-1-1.clmp.r1r2_fastp	99.75308641975309	0.24691358024691357	0.0	0.0	0.0	0.0	0.0	0.0	0.0	0.0	0.0	0.0	0.0	0.0	0.0	0.0	0.0	0.0	0.0	0.0	0.0	0.0	0.0	0.0	0.0	0.0	0.0	0.0	0.0	0.0	0.0
Sin-CPnd_061-Ex1-9A-lcwgs-1-1.clmp.r1r2_fastp	99.96953593067732	0.030464069322682193	0.0	0.0	0.0	0.0	0.0	0.0	0.0	0.0	0.0	0.0	0.0	0.0	0.0	0.0	0.0	0.0	0.0	0.0	0.0	0.0	0.0	0.0	0.0	0.0	0.0	0.0	0.0	0.0	0.0
Sin-CPnd_062-Ex1-11D-lcwgs-1-1.clmp.r1r2_fastp	99.861308183884	0.13869181611598905	0.0	0.0	0.0	0.0	0.0	0.0	0.0	0.0	0.0	0.0	0.0	0.0	0.0	0.0	0.0	0.0	0.0	0.0	0.0	0.0	0.0	0.0	0.0	0.0	0.0	0.0	0.0	0.0	0.0
Sin-CPnd_063-Ex1-9F-lcwgs-1-1.clmp.r1r2_fastp	99.948798470781	0.05120152921900601	0.0	0.0	0.0	0.0	0.0	0.0	0.0	0.0	0.0	0.0	0.0	0.0	0.0	0.0	0.0	0.0	0.0	0.0	0.0	0.0	0.0	0.0	0.0	0.0	0.0	0.0	0.0	0.0	0.0
Sin-CPnd_065-Ex1-11B-lcwgs-1-1.clmp.r1r2_fastp	99.93801909012025	0.06198090987975703	0.0	0.0	0.0	0.0	0.0	0.0	0.0	0.0	0.0	0.0	0.0	0.0	0.0	0.0	0.0	0.0	0.0	0.0	0.0	0.0	0.0	0.0	0.0	0.0	0.0	0.0	0.0	0.0	0.0
Sin-CPnd_067-Ex1-9C-lcwgs-1-1.clmp.r1r2_fastp	99.93275998568438	0.06724001431561595	0.0	0.0	0.0	0.0	0.0	0.0	0.0	0.0	0.0	0.0	0.0	0.0	0.0	0.0	0.0	0.0	0.0	0.0	0.0	0.0	0.0	0.0	0.0	0.0	0.0	0.0	0.0	0.0	0.0
Sin-CPnd_071-Ex1-10A-lcwgs-1-1.clmp.r1r2_fastp	99.96550534667126	0.03449465332873405	0.0	0.0	0.0	0.0	0.0	0.0	0.0	0.0	0.0	0.0	0.0	0.0	0.0	0.0	0.0	0.0	0.0	0.0	0.0	0.0	0.0	0.0	0.0	0.0	0.0	0.0	0.0	0.0	0.0
Sin-CPnd_074-Ex1-12A-lcwgs-1-1.clmp.r1r2_fastp	99.91546914623838	0.08453085376162299	0.0	0.0	0.0	0.0	0.0	0.0	0.0	0.0	0.0	0.0	0.0	0.0	0.0	0.0	0.0	0.0	0.0	0.0	0.0	0.0	0.0	0.0	0.0	0.0	0.0	0.0	0.0	0.0	0.0
Sin-CPnd_075-Ex1-11G-lcwgs-1-1.clmp.r1r2_fastp	99.97391077484998	0.026089225150013044	0.0	0.0	0.0	0.0	0.0	0.0	0.0	0.0	0.0	0.0	0.0	0.0	0.0	0.0	0.0	0.0	0.0	0.0	0.0	0.0	0.0	0.0	0.0	0.0	0.0	0.0	0.0	0.0	0.0
Sin-CPnd_076-Ex1-10E-lcwgs-1-1.clmp.r1r2_fastp	99.9809342230696	0.019065776930409912	0.0	0.0	0.0	0.0	0.0	0.0	0.0	0.0	0.0	0.0	0.0	0.0	0.0	0.0	0.0	0.0	0.0	0.0	0.0	0.0	0.0	0.0	0.0	0.0	0.0	0.0	0.0	0.0	0.0
Sin-CPnd_079-Ex1-9H-lcwgs-1-1.clmp.r1r2_fastp	99.96312870410979	0.036871295890208926	0.0	0.0	0.0	0.0	0.0	0.0	0.0	0.0	0.0	0.0	0.0	0.0	0.0	0.0	0.0	0.0	0.0	0.0	0.0	0.0	0.0	0.0	0.0	0.0	0.0	0.0	0.0	0.0	0.0
Sin-CPnd_080-Ex1-2E-lcwgs-1-1.clmp.r1r2_fastp	99.92306377158488	0.0769362284151137	0.0	0.0	0.0	0.0	0.0	0.0	0.0	0.0	0.0	0.0	0.0	0.0	0.0	0.0	0.0	0.0	0.0	0.0	0.0	0.0	0.0	0.0	0.0	0.0	0.0	0.0	0.0	0.0	0.0
Sin-CPnd_081-Ex1-10G-lcwgs-1-1.clmp.r1r2_fastp	100.0	0.0	0.0	0.0	0.0	0.0	0.0	0.0	0.0	0.0	0.0	0.0	0.0	0.0	0.0	0.0	0.0	0.0	0.0	0.0	0.0	0.0	0.0	0.0	0.0	0.0	0.0	0.0	0.0	0.0	0.0
Sin-CPnd_085-Ex1-4H-lcwgs-1-1.clmp.r1r2_fastp	99.88156336360048	0.11843663639952626	0.0	0.0	0.0	0.0	0.0	0.0	0.0	0.0	0.0	0.0	0.0	0.0	0.0	0.0	0.0	0.0	0.0	0.0	0.0	0.0	0.0	0.0	0.0	0.0	0.0	0.0	0.0	0.0	0.0
Sin-CPnd_086-Ex1-2A-lcwgs-1-1.clmp.r1r2_fastp	100.0	0.0	0.0	0.0	0.0	0.0	0.0	0.0	0.0	0.0	0.0	0.0	0.0	0.0	0.0	0.0	0.0	0.0	0.0	0.0	0.0	0.0	0.0	0.0	0.0	0.0	0.0	0.0	0.0	0.0	0.0
Sin-CPnd_087-Ex1-4B-lcwgs-1-1.clmp.r1r2_fastp	100.0	0.0	0.0	0.0	0.0	0.0	0.0	0.0	0.0	0.0	0.0	0.0	0.0	0.0	0.0	0.0	0.0	0.0	0.0	0.0	0.0	0.0	0.0	0.0	0.0	0.0	0.0	0.0	0.0	0.0	0.0
Sin-CPnd_088-Ex1-2D-lcwgs-1-1.clmp.r1r2_fastp	99.95393869963664	0.04589949251665677	0.00016180784670971835	0.0	0.0	0.0	0.0	0.0	0.0	0.0	0.0	0.0	0.0	0.0	0.0	0.0	0.0	0.0	0.0	0.0	0.0	0.0	0.0	0.0	0.0	0.0	0.0	0.0	0.0	0.0	0.0
Sin-CPnd_089-Ex1-9E-lcwgs-1-1.clmp.r1r2_fastp	99.95431893687707	0.04568106312292359	0.0	0.0	0.0	0.0	0.0	0.0	0.0	0.0	0.0	0.0	0.0	0.0	0.0	0.0	0.0	0.0	0.0	0.0	0.0	0.0	0.0	0.0	0.0	0.0	0.0	0.0	0.0	0.0	0.0
Sin-CPnd_090-Ex1-12F-lcwgs-1-1.clmp.r1r2_fastp	99.93047508690614	0.06952491309385864	0.0	0.0	0.0	0.0	0.0	0.0	0.0	0.0	0.0	0.0	0.0	0.0	0.0	0.0	0.0	0.0	0.0	0.0	0.0	0.0	0.0	0.0	0.0	0.0	0.0	0.0	0.0	0.0	0.0
Sin-CPnd_091-Ex1-1A-lcwgs-1-1.clmp.r1r2_fastp	99.87389659520807	0.12610340479192939	0.0	0.0	0.0	0.0	0.0	0.0	0.0	0.0	0.0	0.0	0.0	0.0	0.0	0.0	0.0	0.0	0.0	0.0	0.0	0.0	0.0	0.0	0.0	0.0	0.0	0.0	0.0	0.0	0.0
Sin-CPnd_092-Ex1-11F-lcwgs-1-1.clmp.r1r2_fastp	99.9391686380534	0.06083136194660359	0.0	0.0	0.0	0.0	0.0	0.0	0.0	0.0	0.0	0.0	0.0	0.0	0.0	0.0	0.0	0.0	0.0	0.0	0.0	0.0	0.0	0.0	0.0	0.0	0.0	0.0	0.0	0.0	0.0
Sin-CPnd_093-Ex1-10C-lcwgs-1-1.clmp.r1r2_fastp	99.95933857413934	0.04066142586066685	0.0	0.0	0.0	0.0	0.0	0.0	0.0	0.0	0.0	0.0	0.0	0.0	0.0	0.0	0.0	0.0	0.0	0.0	0.0	0.0	0.0	0.0	0.0	0.0	0.0	0.0	0.0	0.0	0.0
Sin-CPnd_094-Ex1-3H-lcwgs-1-1.clmp.r1r2_fastp	99.89388043862752	0.10611956137247967	0.0	0.0	0.0	0.0	0.0	0.0	0.0	0.0	0.0	0.0	0.0	0.0	0.0	0.0	0.0	0.0	0.0	0.0	0.0	0.0	0.0	0.0	0.0	0.0	0.0	0.0	0.0	0.0	0.0
Sin-CPnd_095-Ex1-2B-lcwgs-1-1.clmp.r1r2_fastp	100.0	0.0	0.0	0.0	0.0	0.0	0.0	0.0	0.0	0.0	0.0	0.0	0.0	0.0	0.0	0.0	0.0	0.0	0.0	0.0	0.0	0.0	0.0	0.0	0.0	0.0	0.0	0.0	0.0	0.0	0.0
Undetermined.clmp.r1r2_fastp	99.61034201699216	0.3840834296235725	0.004552002171766833	0.00042056541804367484	0.00013194209193527053	5.772466522168085e-05	7.421742671358967e-05	7.421742671358967e-05	2.4739142237863226e-05	2.4739142237863226e-05	8.246380745954408e-06	1.6492761491908816e-05	0.0	1.6492761491908816e-05	1.6492761491908816e-05	0.0	1.6492761491908816e-05	0.0	0.0	1.6492761491908816e-05	0.0	0.0	0.0	0.0	0.0	0.0	8.246380745954408e-06	0.0	8.246380745954408e-06	1.6492761491908816e-05	9.071018820549849e-05
